# Migration is number of nodes that have changed color.

Round		Edge-Cut		Swaps		Migrations		Skipped
0		8191		3800		3052
1		6938		6517		3115
2		6106		8637		3148
3		5467		10300		3203
4		4960		11701		3200
5		4620		12890		3201
6		4385		13867		3240
7		4173		14769		3202
8		3936		15565		3225
9		3753		16297		3220
10		3656		16960		3230
11		3502		17501		3240
12		3419		17973		3233
13		3296		18484		3230
14		3254		18961		3237
15		3163		19396		3252
16		3082		19804		3245
17		3012		20167		3262
18		2939		20541		3246
19		2822		20894		3254
20		2788		21228		3256
21		2730		21524		3253
22		2695		21816		3276
23		2641		22123		3277
24		2593		22401		3275
25		2553		22656		3279
26		2523		22914		3277
27		2492		23178		3269
28		2468		23363		3265
29		2438		23544		3271
30		2407		23726		3272
31		2384		23884		3272
32		2361		24071		3277
33		2334		24248		3272
34		2313		24382		3271
35		2299		24555		3275
36		2271		24721		3284
37		2260		24846		3272
38		2244		25001		3279
39		2223		25136		3276
40		2212		25252		3277
41		2181		25363		3271
42		2189		25471		3275
43		2197		25602		3277
44		2175		25721		3281
45		2152		25851		3270
46		2139		25953		3276
47		2133		26041		3278
48		2120		26131		3281
49		2131		26228		3275
50		2119		26326		3273
51		2112		26392		3270
52		2111		26474		3275
53		2097		26562		3276
54		2075		26657		3279
55		2064		26740		3275
56		2058		26806		3283
57		2038		26873		3282
58		2040		26931		3286
59		2038		26996		3283
60		2037		27064		3283
61		2038		27119		3277
62		2028		27165		3283
63		2011		27212		3279
64		2014		27258		3287
65		2014		27309		3288
66		2015		27357		3277
67		2014		27396		3285
68		2015		27450		3279
69		2022		27509		3280
70		2022		27584		3279
71		2023		27655		3291
72		2012		27741		3282
73		2007		27826		3286
74		2008		27922		3298
75		1993		28012		3294
76		1987		28086		3295
77		1983		28150		3308
78		1973		28230		3301
79		1974		28298		3305
80		1962		28358		3306
81		1942		28428		3294
82		1937		28473		3305
83		1934		28517		3300
84		1930		28567		3298
85		1923		28595		3303
86		1920		28628		3302
87		1915		28669		3299
88		1912		28729		3299
89		1906		28775		3302
90		1912		28807		3300
91		1909		28844		3306
92		1905		28887		3306
93		1900		28913		3309
94		1904		28956		3303
95		1900		29007		3300
96		1903		29064		3301
97		1895		29105		3301
98		1888		29164		3295
99		1884		29211		3296
100		1880		29250		3296
101		1889		29304		3297
102		1878		29346		3305
103		1885		29404		3305
104		1878		29452		3300
105		1877		29502		3296
106		1878		29560		3298
107		1879		29603		3300
108		1876		29655		3301
109		1876		29715		3300
110		1881		29761		3303
111		1883		29830		3306
112		1871		29877		3306
113		1876		29921		3308
114		1871		29977		3302
115		1866		30029		3308
116		1860		30074		3303
117		1857		30119		3310
118		1847		30160		3307
119		1842		30193		3306
120		1840		30229		3304
121		1847		30263		3305
122		1850		30310		3307
123		1839		30351		3307
124		1828		30384		3302
125		1828		30419		3308
126		1817		30446		3308
127		1813		30481		3308
128		1822		30518		3308
129		1817		30548		3308
130		1816		30590		3313
131		1804		30645		3305
132		1806		30676		3311
133		1798		30727		3316
134		1795		30757		3318
135		1790		30787		3320
136		1791		30809		3316
137		1791		30835		3317
138		1784		30852		3315
139		1788		30877		3315
140		1794		30914		3315
141		1792		30940		3316
142		1796		30974		3319
143		1793		31005		3318
144		1800		31045		3306
145		1791		31099		3313
146		1793		31142		3318
147		1787		31181		3317
148		1784		31214		3314
149		1783		31258		3316
150		1783		31299		3313
151		1787		31347		3319
152		1793		31396		3322
153		1789		31459		3321
154		1782		31547		3321
155		1783		31607		3327
156		1769		31658		3328
157		1768		31703		3322
158		1756		31755		3331
159		1761		31813		3327
160		1761		31894		3327
161		1773		32005		3325
162		1770		32070		3327
163		1762		32151		3331
164		1742		32227		3334
165		1726		32279		3328
166		1725		32335		3327
167		1722		32371		3323
168		1722		32426		3329
169		1711		32490		3336
170		1712		32555		3335
171		1717		32608		3333
172		1699		32656		3335
173		1702		32693		3334
174		1709		32738		3335
175		1711		32797		3339
176		1700		32856		3338
177		1686		32900		3338
178		1675		32960		3335
179		1676		33000		3333
180		1679		33047		3331
181		1669		33086		3330
182		1658		33130		3334
183		1660		33162		3333
184		1652		33190		3329
185		1645		33234		3331
186		1648		33255		3327
187		1643		33287		3326
188		1648		33318		3329
189		1648		33346		3327
190		1645		33372		3332
191		1639		33399		3325
192		1641		33421		3331
193		1636		33456		3333
194		1631		33487		3328
195		1628		33506		3326
196		1628		33529		3332
197		1625		33558		3339
198		1625		33581		3337
199		1626		33605		3334
200		1627		33626		3333
201		1627		33653		3338
202		1631		33685		3334
203		1632		33717		3336
204		1623		33756		3337
205		1621		33776		3338
206		1614		33795		3337
207		1614		33815		3337
208		1618		33839		3334
209		1614		33859		3335
210		1610		33874		3334
211		1604		33889		3336
212		1602		33903		3335
213		1602		33915		3335
214		1599		33935		3329
215		1598		33951		3333
216		1592		33971		3332
217		1594		33984		3332
218		1589		33994		3333
219		1591		34009		3333
220		1587		34028		3333
221		1586		34042		3333
222		1579		34052		3332
223		1576		34061		3333
224		1576		34067		3335
225		1576		34074		3336
226		1574		34090		3336
227		1574		34100		3334
228		1572		34105		3338
229		1571		34112		3336
230		1568		34119		3339
231		1566		34125		3338
232		1565		34128		3339
233		1564		34133		3339
234		1563		34137		3337
235		1562		34141		3336
236		1564		34145		3336
237		1565		34152		3336
238		1565		34166		3337
239		1562		34170		3335
240		1561		34172		3338
241		1561		34173		3337
242		1561		34174		3336
243		1558		34177		3334
244		1563		34184		3333
245		1558		34189		3333
246		1558		34191		3333
247		1558		34191		3333
248		1558		34191		3333
249		1558		34193		3333
250		1558		34196		3334
251		1558		34196		3334
252		1556		34197		3334
253		1556		34197		3334
254		1556		34197		3334
255		1556		34197		3334
256		1556		34197		3334
257		1556		34197		3334
258		1556		34197		3334
259		1556		34197		3334
260		1556		34197		3334
261		1556		34197		3334
262		1556		34197		3334
263		1556		34197		3334
264		1556		34197		3334
265		1556		34197		3334
266		1556		34197		3334
267		1556		34197		3334
268		1556		34197		3334
269		1556		34197		3334
270		1556		34197		3334
271		1556		34197		3334
272		1556		34197		3334
273		1556		34197		3334
274		1556		34197		3334
275		1556		34197		3334
276		1556		34197		3334
277		1556		34197		3334
278		1556		34197		3334
279		1556		34197		3334
280		1556		34197		3334
281		1556		34197		3334
282		1556		34197		3334
283		1556		34197		3334
284		1556		34197		3334
285		1556		34197		3334
286		1556		34197		3334
287		1556		34197		3334
288		1556		34197		3334
289		1556		34197		3334
290		1556		34197		3334
291		1556		34197		3334
292		1556		34197		3334
293		1556		34197		3334
294		1556		34197		3334
295		1556		34197		3334
296		1556		34197		3334
297		1556		34197		3334
298		1556		34197		3334
299		1556		34197		3334
300		1556		34197		3334
301		1556		34197		3334
302		1556		34197		3334
303		1556		34197		3334
304		1556		34197		3334
305		1556		34197		3334
306		1556		34197		3334
307		1556		34197		3334
308		1556		34197		3334
309		1556		34197		3334
310		1556		34197		3334
311		1556		34197		3334
312		1556		34197		3334
313		1556		34197		3334
314		1556		34197		3334
315		1556		34197		3334
316		1556		34197		3334
317		1556		34197		3334
318		1556		34197		3334
319		1556		34197		3334
320		1556		34197		3334
321		1556		34197		3334
322		1556		34197		3334
323		1556		34197		3334
324		1556		34197		3334
325		1556		34197		3334
326		1556		34197		3334
327		1556		34197		3334
328		1556		34197		3334
329		1556		34197		3334
330		1556		34197		3334
331		1556		34197		3334
332		1556		34197		3334
333		1556		34197		3334
334		1556		34197		3334
335		1556		34197		3334
336		1556		34197		3334
337		1556		34197		3334
338		1556		34197		3334
339		1556		34197		3334
340		1556		34197		3334
341		1556		34197		3334
342		1556		34197		3334
343		1556		34197		3334
344		1556		34197		3334
345		1556		34197		3334
346		1556		34197		3334
347		1556		34197		3334
348		1556		34197		3334
349		1556		34197		3334
350		1556		34197		3334
351		1556		34197		3334
352		1556		34197		3334
353		1556		34197		3334
354		1556		34197		3334
355		1556		34197		3334
356		1556		34197		3334
357		1556		34197		3334
358		1556		34197		3334
359		1556		34197		3334
360		1556		34197		3334
361		1556		34197		3334
362		1556		34197		3334
363		1556		34197		3334
364		1556		34197		3334
365		1556		34197		3334
366		1556		34197		3334
367		1556		34197		3334
368		1556		34197		3334
369		1556		34197		3334
370		1556		34197		3334
371		1556		34197		3334
372		1556		34197		3334
373		1556		34197		3334
374		1556		34197		3334
375		1556		34197		3334
376		1556		34197		3334
377		1556		34197		3334
378		1556		34197		3334
379		1556		34197		3334
380		1556		34197		3334
381		1556		34197		3334
382		1556		34197		3334
383		1556		34197		3334
384		1556		34197		3334
385		1556		34197		3334
386		1556		34197		3334
387		1556		34197		3334
388		1556		34197		3334
389		1556		34197		3334
390		1556		34197		3334
391		1556		34197		3334
392		1556		34197		3334
393		1556		34197		3334
394		1556		34197		3334
395		1556		34197		3334
396		1556		34197		3334
397		1556		34197		3334
398		1556		34197		3334
399		1556		34197		3334
400		1556		34197		3334
401		1556		34197		3334
402		1556		34197		3334
403		1556		34197		3334
404		1556		34197		3334
405		1556		34197		3334
406		1556		34197		3334
407		1556		34197		3334
408		1556		34197		3334
409		1556		34197		3334
410		1556		34197		3334
411		1556		34197		3334
412		1556		34197		3334
413		1556		34197		3334
414		1556		34197		3334
415		1556		34197		3334
416		1556		34197		3334
417		1556		34197		3334
418		1556		34197		3334
419		1556		34197		3334
420		1556		34197		3334
421		1556		34197		3334
422		1556		34197		3334
423		1556		34197		3334
424		1556		34197		3334
425		1556		34197		3334
426		1556		34197		3334
427		1556		34197		3334
428		1556		34197		3334
429		1556		34197		3334
430		1556		34197		3334
431		1556		34197		3334
432		1556		34197		3334
433		1556		34197		3334
434		1556		34197		3334
435		1556		34197		3334
436		1556		34197		3334
437		1556		34197		3334
438		1556		34197		3334
439		1556		34197		3334
440		1556		34197		3334
441		1556		34197		3334
442		1556		34197		3334
443		1556		34197		3334
444		1556		34197		3334
445		1556		34197		3334
446		1556		34197		3334
447		1556		34197		3334
448		1556		34197		3334
449		1556		34197		3334
450		1556		34197		3334
451		1556		34197		3334
452		1556		34197		3334
453		1556		34197		3334
454		1556		34197		3334
455		1556		34197		3334
456		1556		34197		3334
457		1556		34197		3334
458		1556		34197		3334
459		1556		34197		3334
460		1556		34197		3334
461		1556		34197		3334
462		1556		34197		3334
463		1556		34197		3334
464		1556		34197		3334
465		1556		34197		3334
466		1556		34197		3334
467		1556		34197		3334
468		1556		34197		3334
469		1556		34197		3334
470		1556		34197		3334
471		1556		34197		3334
472		1556		34197		3334
473		1556		34197		3334
474		1556		34197		3334
475		1556		34197		3334
476		1556		34197		3334
477		1556		34197		3334
478		1556		34197		3334
479		1556		34197		3334
480		1556		34197		3334
481		1556		34197		3334
482		1556		34197		3334
483		1556		34197		3334
484		1556		34197		3334
485		1556		34197		3334
486		1556		34197		3334
487		1556		34197		3334
488		1556		34197		3334
489		1556		34197		3334
490		1556		34197		3334
491		1556		34197		3334
492		1556		34197		3334
493		1556		34197		3334
494		1556		34197		3334
495		1556		34197		3334
496		1556		34197		3334
497		1556		34197		3334
498		1556		34197		3334
499		1556		34197		3334
500		1556		34197		3334
501		1556		34197		3334
502		1556		34197		3334
503		1556		34197		3334
504		1556		34197		3334
505		1556		34197		3334
506		1556		34197		3334
507		1556		34197		3334
508		1556		34197		3334
509		1556		34199		3334
510		1559		34203		3333
511		1561		34206		3334
512		1560		34211		3335
513		1561		34213		3333
514		1560		34217		3335
515		1559		34218		3335
516		1560		34221		3334
517		1561		34225		3332
518		1561		34227		3332
519		1562		34230		3333
520		1562		34232		3333
521		1562		34233		3334
522		1562		34236		3333
523		1562		34237		3334
524		1561		34239		3333
525		1561		34239		3333
526		1561		34239		3333
527		1562		34240		3335
528		1564		34243		3335
529		1564		34245		3335
530		1564		34247		3335
531		1564		34248		3335
532		1564		34248		3335
533		1564		34250		3335
534		1563		34251		3335
535		1562		34252		3334
536		1562		34253		3334
537		1562		34255		3334
538		1562		34262		3334
539		1562		34263		3334
540		1560		34267		3333
541		1560		34268		3333
542		1558		34269		3333
543		1558		34269		3333
544		1558		34269		3333
545		1558		34269		3333
546		1559		34270		3332
547		1557		34272		3334
548		1557		34272		3334
549		1557		34272		3334
550		1557		34272		3334
551		1557		34272		3334
552		1557		34272		3334
553		1557		34272		3334
554		1557		34272		3334
555		1557		34272		3334
556		1557		34272		3334
557		1557		34272		3334
558		1557		34272		3334
559		1557		34272		3334
560		1557		34272		3334
561		1557		34272		3334
562		1557		34272		3334
563		1557		34272		3334
564		1557		34272		3334
565		1557		34272		3334
566		1557		34272		3334
567		1557		34272		3334
568		1557		34272		3334
569		1557		34272		3334
570		1557		34272		3334
571		1557		34272		3334
572		1557		34272		3334
573		1557		34272		3334
574		1557		34272		3334
575		1557		34272		3334
576		1557		34272		3334
577		1557		34272		3334
578		1557		34272		3334
579		1557		34272		3334
580		1557		34272		3334
581		1557		34272		3334
582		1557		34272		3334
583		1557		34272		3334
584		1557		34272		3334
585		1557		34272		3334
586		1557		34272		3334
587		1557		34272		3334
588		1557		34272		3334
589		1557		34272		3334
590		1557		34272		3334
591		1557		34272		3334
592		1557		34272		3334
593		1557		34272		3334
594		1557		34272		3334
595		1557		34272		3334
596		1557		34272		3334
597		1557		34272		3334
598		1557		34272		3334
599		1557		34272		3334
600		1557		34272		3334
601		1557		34272		3334
602		1557		34272		3334
603		1557		34272		3334
604		1557		34272		3334
605		1557		34272		3334
606		1557		34272		3334
607		1557		34272		3334
608		1557		34272		3334
609		1557		34272		3334
610		1557		34272		3334
611		1557		34272		3334
612		1557		34272		3334
613		1557		34272		3334
614		1557		34272		3334
615		1557		34272		3334
616		1557		34272		3334
617		1557		34272		3334
618		1557		34272		3334
619		1557		34272		3334
620		1557		34272		3334
621		1557		34272		3334
622		1557		34272		3334
623		1557		34272		3334
624		1557		34272		3334
625		1557		34272		3334
626		1557		34272		3334
627		1557		34272		3334
628		1557		34272		3334
629		1557		34272		3334
630		1557		34272		3334
631		1557		34272		3334
632		1557		34272		3334
633		1557		34272		3334
634		1557		34272		3334
635		1557		34272		3334
636		1557		34272		3334
637		1557		34272		3334
638		1557		34272		3334
639		1557		34272		3334
640		1557		34272		3334
641		1557		34272		3334
642		1557		34272		3334
643		1557		34272		3334
644		1557		34272		3334
645		1557		34272		3334
646		1557		34272		3334
647		1557		34272		3334
648		1557		34272		3334
649		1557		34272		3334
650		1557		34272		3334
651		1557		34272		3334
652		1557		34272		3334
653		1557		34272		3334
654		1557		34272		3334
655		1557		34272		3334
656		1557		34272		3334
657		1557		34272		3334
658		1557		34272		3334
659		1557		34272		3334
660		1557		34272		3334
661		1557		34272		3334
662		1557		34272		3334
663		1557		34272		3334
664		1557		34272		3334
665		1557		34272		3334
666		1557		34272		3334
667		1557		34272		3334
668		1557		34272		3334
669		1557		34272		3334
670		1557		34272		3334
671		1557		34272		3334
672		1557		34272		3334
673		1557		34272		3334
674		1557		34272		3334
675		1557		34272		3334
676		1557		34272		3334
677		1557		34272		3334
678		1557		34272		3334
679		1557		34272		3334
680		1557		34272		3334
681		1557		34272		3334
682		1557		34272		3334
683		1557		34272		3334
684		1557		34272		3334
685		1557		34272		3334
686		1557		34272		3334
687		1557		34272		3334
688		1557		34272		3334
689		1557		34272		3334
690		1557		34272		3334
691		1557		34272		3334
692		1557		34272		3334
693		1557		34272		3334
694		1557		34272		3334
695		1557		34272		3334
696		1557		34272		3334
697		1557		34272		3334
698		1557		34272		3334
699		1557		34272		3334
700		1557		34272		3334
701		1557		34272		3334
702		1557		34272		3334
703		1557		34272		3334
704		1557		34272		3334
705		1557		34272		3334
706		1557		34272		3334
707		1557		34272		3334
708		1557		34272		3334
709		1557		34272		3334
710		1557		34272		3334
711		1557		34272		3334
712		1557		34272		3334
713		1557		34272		3334
714		1557		34272		3334
715		1557		34272		3334
716		1557		34272		3334
717		1557		34272		3334
718		1557		34272		3334
719		1557		34272		3334
720		1557		34272		3334
721		1557		34272		3334
722		1557		34272		3334
723		1557		34272		3334
724		1557		34272		3334
725		1557		34272		3334
726		1557		34272		3334
727		1557		34272		3334
728		1557		34272		3334
729		1557		34272		3334
730		1557		34272		3334
731		1557		34272		3334
732		1557		34272		3334
733		1557		34272		3334
734		1557		34272		3334
735		1557		34272		3334
736		1557		34272		3334
737		1557		34272		3334
738		1557		34272		3334
739		1557		34272		3334
740		1557		34272		3334
741		1557		34272		3334
742		1557		34272		3334
743		1557		34272		3334
744		1557		34272		3334
745		1557		34272		3334
746		1557		34272		3334
747		1557		34272		3334
748		1557		34272		3334
749		1557		34272		3334
750		1557		34272		3334
751		1557		34272		3334
752		1557		34272		3334
753		1557		34272		3334
754		1557		34272		3334
755		1557		34272		3334
756		1557		34272		3334
757		1557		34272		3334
758		1557		34272		3334
759		1557		34272		3334
760		1557		34272		3334
761		1557		34272		3334
762		1557		34272		3334
763		1557		34272		3334
764		1557		34272		3334
765		1557		34272		3334
766		1557		34272		3334
767		1557		34272		3334
768		1557		34272		3334
769		1557		34272		3334
770		1557		34272		3334
771		1557		34272		3334
772		1557		34272		3334
773		1557		34272		3334
774		1557		34272		3334
775		1557		34272		3334
776		1557		34272		3334
777		1557		34272		3334
778		1557		34272		3334
779		1557		34272		3334
780		1557		34272		3334
781		1557		34272		3334
782		1557		34272		3334
783		1557		34272		3334
784		1557		34272		3334
785		1557		34272		3334
786		1557		34272		3334
787		1557		34272		3334
788		1557		34272		3334
789		1557		34272		3334
790		1557		34272		3334
791		1557		34272		3334
792		1557		34272		3334
793		1557		34272		3334
794		1557		34272		3334
795		1557		34272		3334
796		1557		34272		3334
797		1557		34272		3334
798		1557		34272		3334
799		1557		34272		3334
800		1557		34272		3334
801		1557		34272		3334
802		1557		34272		3334
803		1557		34272		3334
804		1557		34272		3334
805		1557		34272		3334
806		1557		34272		3334
807		1557		34272		3334
808		1557		34272		3334
809		1557		34272		3334
810		1557		34272		3334
811		1557		34272		3334
812		1557		34272		3334
813		1557		34272		3334
814		1557		34272		3334
815		1557		34272		3334
816		1557		34272		3334
817		1557		34272		3334
818		1557		34272		3334
819		1557		34272		3334
820		1557		34272		3334
821		1557		34272		3334
822		1557		34272		3334
823		1557		34272		3334
824		1557		34272		3334
825		1557		34272		3334
826		1557		34272		3334
827		1557		34272		3334
828		1557		34272		3334
829		1557		34272		3334
830		1557		34272		3334
831		1557		34272		3334
832		1557		34272		3334
833		1557		34272		3334
834		1557		34272		3334
835		1557		34272		3334
836		1557		34272		3334
837		1557		34272		3334
838		1557		34272		3334
839		1557		34272		3334
840		1557		34272		3334
841		1557		34272		3334
842		1557		34272		3334
843		1557		34272		3334
844		1557		34272		3334
845		1557		34272		3334
846		1557		34272		3334
847		1557		34272		3334
848		1557		34272		3334
849		1557		34272		3334
850		1557		34272		3334
851		1557		34272		3334
852		1557		34272		3334
853		1557		34272		3334
854		1557		34272		3334
855		1557		34272		3334
856		1557		34272		3334
857		1557		34272		3334
858		1557		34272		3334
859		1557		34272		3334
860		1557		34272		3334
861		1557		34272		3334
862		1557		34272		3334
863		1557		34272		3334
864		1557		34272		3334
865		1557		34272		3334
866		1557		34272		3334
867		1557		34272		3334
868		1557		34272		3334
869		1557		34272		3334
870		1557		34272		3334
871		1557		34272		3334
872		1557		34272		3334
873		1557		34272		3334
874		1557		34272		3334
875		1557		34272		3334
876		1557		34272		3334
877		1557		34272		3334
878		1557		34272		3334
879		1557		34272		3334
880		1557		34272		3334
881		1557		34272		3334
882		1557		34272		3334
883		1557		34272		3334
884		1557		34272		3334
885		1557		34272		3334
886		1557		34272		3334
887		1557		34272		3334
888		1557		34272		3334
889		1557		34272		3334
890		1557		34272		3334
891		1557		34272		3334
892		1557		34272		3334
893		1557		34272		3334
894		1557		34272		3334
895		1557		34272		3334
896		1557		34272		3334
897		1557		34272		3334
898		1557		34272		3334
899		1557		34272		3334
900		1557		34272		3334
901		1557		34272		3334
902		1557		34272		3334
903		1557		34272		3334
904		1557		34272		3334
905		1557		34272		3334
906		1557		34272		3334
907		1557		34272		3334
908		1557		34272		3334
909		1557		34272		3334
910		1557		34272		3334
911		1557		34272		3334
912		1557		34272		3334
913		1557		34272		3334
914		1557		34272		3334
915		1557		34272		3334
916		1557		34272		3334
917		1557		34272		3334
918		1557		34272		3334
919		1557		34272		3334
920		1557		34272		3334
921		1557		34272		3334
922		1557		34272		3334
923		1557		34272		3334
924		1557		34272		3334
925		1557		34272		3334
926		1557		34272		3334
927		1557		34272		3334
928		1557		34272		3334
929		1557		34272		3334
930		1557		34272		3334
931		1557		34272		3334
932		1557		34272		3334
933		1557		34272		3334
934		1557		34272		3334
935		1557		34272		3334
936		1557		34272		3334
937		1557		34272		3334
938		1557		34272		3334
939		1557		34272		3334
940		1557		34272		3334
941		1557		34272		3334
942		1557		34272		3334
943		1557		34272		3334
944		1557		34272		3334
945		1557		34272		3334
946		1557		34272		3334
947		1557		34272		3334
948		1557		34272		3334
949		1557		34272		3334
950		1557		34272		3334
951		1557		34272		3334
952		1557		34272		3334
953		1557		34272		3334
954		1557		34272		3334
955		1557		34272		3334
956		1557		34272		3334
957		1557		34272		3334
958		1557		34272		3334
959		1557		34272		3334
960		1557		34272		3334
961		1557		34272		3334
962		1557		34272		3334
963		1557		34272		3334
964		1557		34272		3334
965		1557		34272		3334
966		1557		34272		3334
967		1557		34272		3334
968		1557		34272		3334
969		1557		34272		3334
970		1557		34272		3334
971		1557		34272		3334
972		1557		34272		3334
973		1557		34272		3334
974		1557		34272		3334
975		1557		34272		3334
976		1557		34272		3334
977		1557		34272		3334
978		1557		34272		3334
979		1557		34272		3334
980		1557		34272		3334
981		1557		34272		3334
982		1557		34272		3334
983		1557		34272		3334
984		1557		34272		3334
985		1557		34272		3334
986		1557		34272		3334
987		1557		34272		3334
988		1557		34272		3334
989		1557		34272		3334
990		1557		34272		3334
991		1557		34272		3334
992		1557		34272		3334
993		1557		34272		3334
994		1557		34272		3334
995		1557		34272		3334
996		1557		34272		3334
997		1557		34272		3334
998		1557		34272		3334
999		1557		34272		3334
