# Migration is number of nodes that have changed color.

Round		Edge-Cut		Swaps		Migrations		Skipped
0		4376		2264		1070
1		3782		4326		1251
2		3510		6279		1338
3		3383		8156		1418
4		3263		10007		1444
5		3168		11750		1509
6		3087		13452		1505
7		3043		15098		1511
8		2991		16717		1534
9		2972		18323		1563
10		2929		19885		1560
11		2897		21425		1571
12		2859		22964		1575
13		2818		24467		1582
14		2783		25928		1597
15		2766		27371		1586
16		2741		28788		1602
17		2716		30187		1594
18		2703		31563		1601
19		2660		32913		1606
20		2647		34249		1614
21		2604		35562		1620
22		2598		36830		1619
23		2582		38093		1611
24		2575		39341		1608
25		2551		40581		1621
26		2538		41800		1617
27		2514		43007		1620
28		2503		44196		1622
29		2490		45375		1628
30		2481		46535		1626
31		2472		47685		1629
32		2461		48823		1627
33		2459		49950		1624
34		2456		51083		1628
35		2451		52209		1630
36		2451		53329		1628
37		2444		54439		1631
38		2438		55551		1627
39		2430		56644		1624
40		2427		57733		1631
41		2410		58799		1639
42		2403		59855		1634
43		2390		60894		1633
44		2388		61934		1627
45		2383		62965		1628
46		2384		64000		1633
47		2375		65023		1632
48		2369		66039		1633
49		2365		67048		1636
50		2375		68065		1636
51		2355		69045		1639
52		2354		70021		1641
53		2348		71001		1636
54		2346		71975		1641
55		2342		72955		1641
56		2334		73917		1645
57		2325		74884		1643
58		2321		75838		1642
59		2316		76792		1640
60		2312		77736		1643
61		2309		78682		1646
62		2308		79624		1644
63		2318		80562		1652
64		2312		81506		1643
65		2310		82438		1649
66		2311		83372		1648
67		2306		84304		1648
68		2299		85231		1652
69		2299		86150		1649
70		2296		87071		1653
71		2295		87987		1650
72		2291		88901		1653
73		2291		89810		1654
74		2289		90716		1655
75		2289		91627		1655
76		2288		92534		1653
77		2284		93440		1656
78		2282		94342		1656
79		2279		95242		1658
80		2278		96135		1654
81		2281		97030		1652
82		2280		97925		1653
83		2277		98822		1655
84		2277		99715		1654
85		2274		100608		1655
86		2273		101498		1657
87		2270		102384		1656
88		2268		103265		1654
89		2266		104146		1657
90		2268		105028		1654
91		2267		105910		1657
92		2266		106790		1655
93		2264		107673		1657
94		2261		108554		1656
95		2262		109431		1657
96		2261		110308		1659
97		2259		111186		1659
98		2259		112059		1658
99		2259		112932		1659
100		2257		113803		1657
101		2257		114674		1658
102		2256		115544		1655
103		2255		116412		1655
104		2254		117280		1655
105		2254		118145		1656
106		2254		119010		1655
107		2253		119877		1656
108		2252		120741		1655
109		2252		121604		1656
110		2252		122467		1655
111		2251		123329		1655
112		2252		124192		1655
113		2251		125055		1654
114		2251		125919		1653
115		2250		126781		1653
116		2250		127642		1652
117		2250		128503		1653
118		2250		129364		1652
119		2250		130225		1653
120		2250		131086		1652
121		2250		131947		1653
122		2250		132808		1653
123		2249		133668		1654
124		2249		134528		1654
125		2249		135388		1654
126		2249		136248		1654
127		2249		137108		1654
128		2249		137968		1654
129		2249		138828		1654
130		2248		139687		1655
131		2247		140544		1653
132		2245		141402		1655
133		2245		142257		1654
134		2245		143111		1655
135		2246		143967		1656
136		2246		144825		1657
137		2244		145683		1657
138		2244		146540		1658
139		2244		147397		1657
140		2245		148255		1658
141		2247		149115		1654
142		2246		149978		1657
143		2247		150839		1655
144		2246		151703		1655
145		2245		152563		1653
146		2245		153422		1654
147		2244		154282		1653
148		2244		155141		1654
149		2244		156000		1653
150		2244		156859		1654
151		2244		157718		1653
152		2244		158577		1654
153		2244		159436		1653
154		2244		160295		1654
155		2244		161154		1653
156		2244		162013		1654
157		2243		162871		1654
158		2244		163729		1654
159		2245		164588		1653
160		2246		165446		1652
161		2245		166306		1652
162		2244		167168		1655
163		2244		168027		1654
164		2244		168886		1655
165		2243		169746		1653
166		2242		170606		1656
167		2242		171465		1655
168		2242		172324		1656
169		2242		173183		1655
170		2241		174041		1655
171		2239		174897		1655
172		2239		175752		1656
173		2239		176607		1655
174		2239		177462		1656
175		2239		178317		1655
176		2238		179173		1655
177		2237		180025		1656
178		2237		180876		1657
179		2237		181727		1656
180		2237		182578		1657
181		2237		183429		1656
182		2237		184280		1657
183		2237		185132		1656
184		2237		185983		1657
185		2237		186834		1656
186		2236		187684		1656
187		2235		188532		1657
188		2235		189379		1658
189		2235		190226		1657
190		2234		191072		1657
191		2233		191918		1656
192		2231		192762		1658
193		2231		193605		1657
194		2231		194448		1658
195		2231		195291		1657
196		2231		196134		1658
197		2230		196976		1656
198		2230		197819		1657
199		2230		198664		1656
200		2229		199508		1657
201		2230		200352		1657
202		2231		201196		1656
203		2229		202042		1657
204		2228		202885		1656
205		2228		203727		1656
206		2228		204569		1656
207		2228		205411		1656
208		2228		206253		1656
209		2227		207096		1657
210		2226		207937		1657
211		2225		208779		1658
212		2225		209619		1658
213		2225		210459		1658
214		2225		211299		1658
215		2225		212139		1658
216		2224		212980		1659
217		2223		213819		1658
218		2223		214657		1658
219		2222		215496		1660
220		2221		216331		1660
221		2220		217164		1662
222		2220		217996		1662
223		2220		218828		1662
224		2220		219660		1662
225		2220		220492		1662
226		2220		221324		1662
227		2220		222156		1662
228		2220		222988		1662
229		2220		223820		1662
230		2220		224652		1662
231		2220		225484		1662
232		2220		226316		1662
233		2219		227147		1662
234		2219		227977		1662
235		2219		228807		1662
236		2219		229637		1662
237		2219		230467		1662
238		2218		231296		1662
239		2218		232124		1662
240		2218		232952		1662
241		2218		233780		1662
242		2218		234608		1662
243		2217		235435		1663
244		2217		236263		1663
245		2217		237091		1663
246		2217		237919		1663
247		2217		238747		1663
248		2217		239575		1663
249		2217		240403		1663
250		2217		241231		1663
251		2217		242059		1663
252		2217		242887		1663
253		2217		243715		1663
254		2217		244543		1663
255		2217		245371		1663
256		2216		246198		1663
257		2216		247024		1663
258		2216		247850		1663
259		2216		248676		1663
260		2216		249502		1663
261		2215		250329		1665
262		2215		251153		1665
263		2214		251976		1663
264		2214		252798		1663
265		2214		253620		1663
266		2214		254442		1663
267		2214		255264		1663
268		2214		256086		1663
269		2214		256908		1663
270		2214		257730		1663
271		2214		258552		1663
272		2213		259373		1664
273		2213		260193		1664
274		2213		261013		1664
275		2213		261833		1664
276		2212		262654		1662
277		2212		263472		1662
278		2212		264290		1662
279		2212		265108		1662
280		2212		265926		1662
281		2212		266744		1662
282		2212		267562		1662
283		2212		268380		1662
284		2212		269198		1662
285		2212		270016		1662
286		2212		270834		1662
287		2212		271654		1662
288		2211		272473		1662
289		2211		273291		1662
290		2211		274109		1662
291		2211		274927		1662
292		2210		275744		1664
293		2210		276560		1664
294		2210		277376		1664
295		2210		278192		1664
296		2210		279008		1664
297		2210		279824		1664
298		2210		280640		1664
299		2210		281456		1664
300		2210		282272		1664
301		2210		283088		1664
302		2210		283904		1664
303		2210		284720		1664
304		2210		285536		1664
305		2210		286352		1664
306		2210		287168		1664
307		2210		287984		1664
308		2210		288800		1664
309		2210		289616		1664
310		2210		290432		1664
311		2210		291248		1664
312		2210		292064		1664
313		2209		292879		1663
314		2208		293692		1664
315		2207		294505		1663
316		2207		295317		1663
317		2207		296129		1663
318		2207		296941		1663
319		2206		297754		1664
320		2206		298566		1664
321		2205		299377		1663
322		2205		300187		1663
323		2205		300997		1663
324		2205		301807		1663
325		2205		302617		1663
326		2205		303427		1663
327		2205		304237		1663
328		2205		305047		1663
329		2204		305858		1664
330		2204		306668		1664
331		2204		307478		1664
332		2204		308288		1664
333		2203		309097		1665
334		2203		309905		1665
335		2202		310712		1664
336		2202		311518		1664
337		2202		312324		1664
338		2202		313130		1664
339		2201		313935		1664
340		2200		314738		1664
341		2200		315540		1664
342		2199		316341		1664
343		2199		317141		1664
344		2199		317941		1664
345		2199		318741		1664
346		2199		319541		1664
347		2199		320341		1664
348		2198		321140		1663
349		2198		321938		1663
350		2198		322736		1663
351		2198		323534		1663
352		2198		324332		1663
353		2198		325130		1663
354		2198		325928		1663
355		2198		326726		1663
356		2195		327525		1665
357		2195		328321		1665
358		2195		329117		1665
359		2195		329913		1665
360		2195		330709		1665
361		2195		331505		1665
362		2195		332301		1665
363		2195		333097		1665
364		2195		333893		1665
365		2195		334689		1665
366		2195		335485		1665
367		2195		336281		1665
368		2195		337077		1665
369		2195		337873		1665
370		2195		338669		1665
371		2195		339465		1665
372		2195		340261		1665
373		2195		341057		1665
374		2195		341853		1665
375		2195		342649		1665
376		2195		343445		1665
377		2195		344241		1665
378		2195		345037		1665
379		2195		345833		1665
380		2195		346629		1665
381		2195		347425		1665
382		2195		348221		1665
383		2195		349017		1665
384		2195		349813		1665
385		2195		350609		1665
386		2195		351405		1665
387		2195		352201		1665
388		2195		352997		1665
389		2194		353795		1666
390		2194		354591		1666
391		2193		355386		1666
392		2193		356180		1666
393		2193		356974		1666
394		2193		357768		1666
395		2193		358562		1666
396		2193		359356		1666
397		2193		360150		1666
398		2193		360944		1666
399		2193		361738		1666
400		2193		362532		1666
401		2193		363326		1666
402		2193		364120		1666
403		2193		364914		1666
404		2193		365708		1666
405		2193		366504		1667
406		2193		367300		1667
407		2193		368096		1667
408		2191		368892		1668
409		2191		369686		1668
410		2191		370480		1668
411		2191		371274		1668
412		2190		372067		1667
413		2190		372859		1667
414		2190		373651		1667
415		2190		374443		1667
416		2190		375235		1667
417		2190		376027		1667
418		2190		376819		1667
419		2190		377611		1667
420		2190		378403		1667
421		2190		379195		1667
422		2190		379987		1667
423		2189		380780		1668
424		2189		381570		1668
425		2188		382359		1668
426		2188		383147		1668
427		2188		383935		1668
428		2188		384723		1668
429		2188		385511		1668
430		2188		386299		1668
431		2188		387087		1668
432		2187		387874		1669
433		2186		388661		1669
434		2186		389447		1669
435		2186		390233		1669
436		2185		391018		1669
437		2185		391802		1669
438		2185		392586		1669
439		2185		393370		1669
440		2185		394154		1669
441		2185		394938		1669
442		2185		395722		1669
443		2184		396505		1670
444		2184		397287		1670
445		2184		398069		1670
446		2184		398851		1670
447		2184		399633		1670
448		2184		400415		1670
449		2184		401197		1670
450		2184		401979		1670
451		2184		402761		1670
452		2184		403543		1670
453		2184		404325		1670
454		2184		405107		1670
455		2184		405889		1670
456		2184		406671		1670
457		2184		407453		1670
458		2184		408235		1670
459		2184		409017		1670
460		2184		409799		1670
461		2184		410581		1670
462		2184		411363		1670
463		2184		412145		1670
464		2184		412927		1670
465		2184		413709		1670
466		2184		414491		1670
467		2184		415273		1670
468		2184		416055		1670
469		2184		416837		1670
470		2184		417619		1670
471		2184		418401		1670
472		2184		419183		1670
473		2184		419965		1670
474		2184		420747		1670
475		2184		421529		1670
476		2183		422312		1669
477		2182		423091		1669
478		2182		423869		1669
479		2182		424647		1669
480		2182		425425		1669
481		2182		426203		1669
482		2182		426981		1669
483		2182		427759		1669
484		2182		428537		1669
485		2181		429314		1667
486		2181		430090		1667
487		2181		430866		1667
488		2181		431642		1667
489		2181		432418		1667
490		2181		433194		1667
491		2180		433969		1669
492		2180		434743		1669
493		2180		435517		1669
494		2180		436291		1669
495		2180		437065		1669
496		2180		437839		1669
497		2180		438613		1669
498		2180		439387		1669
499		2180		440161		1669
500		2180		440935		1669
501		2180		441709		1669
502		2180		442483		1669
503		2180		443257		1669
504		2180		444031		1669
505		2180		444805		1669
506		2180		445579		1669
507		2179		446354		1669
508		2179		447126		1669
509		2328		448077		1684
510		2376		449164		1686
511		2413		450304		1699
512		2422		451465		1690
513		2436		452645		1691
514		2436		453833		1690
515		2423		455000		1702
516		2421		456164		1708
517		2407		457316		1714
518		2414		458466		1720
519		2407		459617		1715
520		2403		460774		1717
521		2398		461915		1720
522		2394		463053		1720
523		2393		464200		1724
524		2383		465329		1727
525		2377		466450		1729
526		2370		467564		1731
527		2364		468667		1728
528		2360		469765		1729
529		2361		470858		1728
530		2356		471952		1731
531		2351		473035		1730
532		2350		474114		1732
533		2346		475188		1729
534		2343		476258		1731
535		2339		477320		1729
536		2337		478377		1730
537		2335		479431		1726
538		2331		480486		1725
539		2327		481535		1724
540		2319		482577		1724
541		2312		483612		1721
542		2310		484637		1722
543		2305		485653		1721
544		2303		486667		1723
545		2302		487679		1720
546		2299		488692		1727
547		2299		489697		1724
548		2296		490699		1726
549		2296		491699		1723
550		2294		492699		1728
551		2291		493694		1721
552		2286		494692		1725
553		2285		495683		1723
554		2285		496669		1725
555		2282		497653		1723
556		2279		498636		1725
557		2280		499616		1722
558		2279		500596		1725
559		2298		501577		1728
560		2282		502552		1736
561		2272		503514		1735
562		2268		504461		1735
563		2259		505396		1729
564		2254		506324		1731
565		2250		507244		1730
566		2242		508157		1735
567		2238		509059		1733
568		2233		509949		1738
569		2232		510834		1734
570		2230		511716		1737
571		2229		512595		1734
572		2241		513473		1739
573		2234		514355		1737
574		2228		515231		1743
575		2229		516098		1740
576		2231		516963		1744
577		2229		517832		1743
578		2228		518696		1748
579		2226		519560		1741
580		2222		520423		1743
581		2216		521281		1745
582		2215		522129		1745
583		2213		522976		1743
584		2213		523825		1744
585		2213		524667		1742
586		2210		525510		1742
587		2207		526347		1737
588		2206		527182		1741
589		2200		528011		1741
590		2197		528837		1743
591		2198		529657		1742
592		2195		530478		1742
593		2193		531293		1742
594		2192		532107		1742
595		2193		532918		1740
596		2191		533730		1745
597		2189		534545		1744
598		2190		535352		1741
599		2190		536167		1738
600		2190		536977		1741
601		2190		537785		1744
602		2188		538589		1745
603		2186		539397		1746
604		2186		540201		1747
605		2182		541005		1744
606		2182		541805		1744
607		2179		542603		1744
608		2180		543404		1744
609		2179		544204		1745
610		2177		545002		1745
611		2174		545793		1748
612		2174		546584		1747
613		2173		547374		1748
614		2168		548158		1745
615		2166		548938		1745
616		2165		549717		1744
617		2164		550494		1743
618		2164		551271		1744
619		2162		552048		1745
620		2161		552819		1743
621		2157		553589		1746
622		2157		554349		1746
623		2154		555110		1749
624		2152		555870		1748
625		2148		556624		1750
626		2147		557371		1752
627		2145		558119		1752
628		2143		558861		1750
629		2144		559603		1749
630		2137		560337		1750
631		2135		561061		1751
632		2136		561790		1750
633		2135		562516		1748
634		2133		563239		1748
635		2129		563958		1747
636		2130		564672		1746
637		2128		565383		1747
638		2126		566091		1744
639		2126		566799		1746
640		2126		567505		1746
641		2124		568211		1745
642		2123		568914		1743
643		2123		569617		1746
644		2121		570317		1747
645		2118		571012		1745
646		2118		571702		1745
647		2115		572393		1745
648		2114		573080		1744
649		2112		573764		1743
650		2111		574445		1744
651		2109		575123		1742
652		2108		575798		1743
653		2108		576475		1743
654		2107		577149		1743
655		2107		577821		1743
656		2106		578492		1742
657		2106		579162		1742
658		2106		579832		1742
659		2104		580502		1743
660		2103		581168		1742
661		2103		581832		1742
662		2103		582496		1742
663		2101		583158		1746
664		2101		583818		1746
665		2100		584478		1745
666		2099		585139		1746
667		2098		585798		1746
668		2098		586456		1746
669		2097		587113		1748
670		2097		587769		1748
671		2096		588424		1747
672		2096		589078		1747
673		2095		589731		1748
674		2095		590383		1748
675		2094		591034		1747
676		2094		591684		1747
677		2093		592333		1748
678		2093		592981		1748
679		2093		593629		1748
680		2092		594276		1747
681		2091		594921		1747
682		2091		595565		1747
683		2091		596209		1747
684		2091		596853		1747
685		2091		597497		1747
686		2091		598141		1747
687		2092		598787		1747
688		2093		599433		1746
689		2091		600078		1749
690		2091		600722		1747
691		2091		601362		1747
692		2089		602003		1747
693		2091		602645		1748
694		2090		603288		1747
695		2090		603930		1747
696		2089		604569		1746
697		2088		605206		1747
698		2087		605841		1746
699		2087		606475		1746
700		2086		607108		1747
701		2086		607740		1747
702		2085		608371		1747
703		2083		609001		1748
704		2082		609628		1745
705		2083		610256		1746
706		2083		610882		1746
707		2083		611508		1746
708		2083		612134		1746
709		2081		612758		1746
710		2081		613380		1746
711		2080		614000		1746
712		2080		614618		1750
713		2079		615237		1750
714		2080		615857		1749
715		2079		616477		1750
716		2079		617096		1751
717		2077		617710		1753
718		2075		618320		1752
719		2074		618927		1751
720		2073		619532		1751
721		2071		620134		1752
722		2071		620734		1752
723		2071		621334		1752
724		2071		621934		1752
725		2070		622535		1752
726		2070		623133		1752
727		2068		623731		1751
728		2068		624325		1751
729		2066		624917		1754
730		2065		625506		1754
731		2063		626092		1757
732		2061		626674		1756
733		2060		627255		1755
734		2060		627833		1755
735		2060		628411		1755
736		2060		628989		1755
737		2058		629569		1756
738		2058		630143		1756
739		2057		630718		1755
740		2057		631293		1755
741		2057		631865		1755
742		2057		632437		1755
743		2057		633009		1755
744		2055		633579		1757
745		2054		634146		1756
746		2053		634711		1756
747		2053		635273		1756
748		2052		635835		1756
749		2051		636397		1757
750		2050		636957		1755
751		2048		637513		1757
752		2048		638069		1757
753		2048		638625		1757
754		2048		639181		1757
755		2047		639736		1756
756		2045		640288		1758
757		2044		640835		1757
758		2043		641382		1756
759		2043		641928		1757
760		2043		642474		1757
761		2043		643020		1757
762		2042		643563		1756
763		2041		644104		1757
764		2040		644645		1756
765		2039		645182		1756
766		2039		645718		1756
767		2039		646254		1756
768		2038		646789		1755
769		2037		647322		1754
770		2036		647853		1756
771		2034		648381		1756
772		2033		648908		1758
773		2033		649434		1758
774		2033		649960		1758
775		2033		650486		1758
776		2032		651011		1758
777		2031		651534		1760
778		2030		652055		1758
779		2030		652575		1758
780		2030		653095		1758
781		2029		653614		1759
782		2029		654132		1759
783		2029		654652		1759
784		2028		655169		1759
785		2028		655685		1759
786		2028		656201		1759
787		2028		656717		1759
788		2027		657232		1761
789		2027		657746		1761
790		2026		658261		1761
791		2026		658773		1761
792		2026		659285		1761
793		2026		659797		1761
794		2025		660308		1760
795		2025		660818		1760
796		2025		661328		1760
797		2024		661837		1761
798		2023		662347		1760
799		2022		662855		1760
800		2022		663361		1760
801		2021		663866		1760
802		2021		664370		1760
803		2020		664875		1761
804		2019		665376		1762
805		2018		665875		1760
806		2018		666373		1760
807		2017		666870		1762
808		2016		667365		1761
809		2017		667861		1761
810		2017		668359		1759
811		2018		668857		1760
812		2017		669354		1760
813		2016		669849		1760
814		2016		670345		1761
815		2016		670839		1761
816		2016		671333		1761
817		2015		671826		1761
818		2015		672318		1761
819		2013		672812		1762
820		2013		673302		1762
821		2013		673792		1762
822		2012		674281		1761
823		2013		674771		1761
824		2012		675259		1761
825		2012		675747		1761
826		2012		676235		1761
827		2011		676722		1760
828		2011		677208		1760
829		2009		677692		1757
830		2009		678174		1757
831		2008		678655		1759
832		2008		679135		1759
833		2008		679615		1759
834		2008		680095		1759
835		2007		680574		1760
836		2007		681052		1760
837		2007		681530		1760
838		2007		682008		1760
839		2007		682486		1760
840		2007		682964		1760
841		2007		683442		1760
842		2006		683919		1762
843		2005		684394		1762
844		2005		684868		1762
845		2005		685342		1762
846		2005		685816		1762
847		2005		686290		1762
848		2004		686763		1762
849		2004		687235		1762
850		2003		687706		1761
851		2002		688175		1762
852		2002		688643		1762
853		2001		689110		1761
854		2001		689576		1761
855		2000		690041		1760
856		2000		690505		1760
857		1999		690968		1761
858		1999		691430		1761
859		1999		691892		1761
860		1998		692353		1762
861		1998		692813		1762
862		1998		693273		1762
863		1997		693732		1760
864		1997		694190		1760
865		1996		694647		1760
866		1996		695103		1760
867		1996		695559		1760
868		1996		696015		1760
869		1995		696470		1762
870		1995		696924		1762
871		1995		697378		1762
872		1995		697832		1762
873		1995		698286		1762
874		1995		698740		1762
875		1994		699193		1761
876		1994		699645		1761
877		1993		700098		1761
878		1992		700547		1761
879		1992		700995		1761
880		1992		701443		1761
881		1992		701891		1761
882		1992		702339		1761
883		1992		702787		1761
884		1992		703235		1761
885		1992		703683		1761
886		1992		704131		1761
887		1992		704579		1761
888		1991		705026		1761
889		1990		705471		1763
890		1989		705914		1763
891		1989		706356		1763
892		1989		706798		1763
893		1989		707240		1763
894		1989		707682		1763
895		1989		708124		1763
896		1989		708566		1763
897		1989		709008		1763
898		1988		709451		1762
899		1988		709891		1762
900		1988		710331		1762
901		1988		710771		1762
902		1988		711211		1762
903		1988		711651		1762
904		1988		712091		1762
905		1988		712531		1762
906		1988		712971		1762
907		1988		713411		1762
908		1987		713850		1762
909		1987		714288		1762
910		1986		714725		1762
911		1986		715161		1762
912		1986		715597		1762
913		1986		716033		1762
914		1986		716469		1762
915		1986		716905		1762
916		1986		717341		1762
917		1985		717776		1763
918		1985		718210		1763
919		1984		718645		1765
920		1984		719077		1765
921		1984		719509		1765
922		1984		719941		1765
923		1984		720373		1765
924		1984		720805		1765
925		1984		721237		1765
926		1984		721669		1765
927		1984		722101		1765
928		1984		722533		1765
929		1984		722965		1765
930		1983		723396		1764
931		1982		723825		1765
932		1982		724253		1765
933		1981		724680		1764
934		1980		725105		1764
935		1980		725529		1764
936		1979		725952		1763
937		1978		726373		1763
938		1977		726792		1762
939		1976		727209		1764
940		1975		727624		1763
941		1975		728038		1763
942		1975		728452		1763
943		1975		728866		1763
944		1974		729279		1763
945		1974		729691		1763
946		1974		730103		1763
947		1973		730514		1765
948		1973		730924		1765
949		1973		731334		1765
950		1973		731744		1765
951		1972		732153		1767
952		1972		732561		1767
953		1971		732968		1767
954		1971		733374		1767
955		1970		733779		1768
956		1969		734182		1766
957		1969		734584		1766
958		1969		734986		1766
959		1969		735388		1766
960		1969		735790		1766
961		1969		736192		1766
962		1969		736594		1766
963		1969		736996		1766
964		1968		737397		1767
965		1967		737796		1766
966		1967		738194		1766
967		1966		738591		1768
968		1966		738987		1768
969		1966		739383		1768
970		1966		739779		1768
971		1966		740175		1768
972		1965		740570		1768
973		1964		740963		1767
974		1964		741355		1767
975		1963		741746		1767
976		1963		742136		1767
977		1963		742526		1767
978		1961		742914		1767
979		1961		743300		1767
980		1960		743685		1769
981		1960		744069		1769
982		1960		744453		1769
983		1960		744837		1769
984		1959		745220		1769
985		1959		745602		1769
986		1958		745983		1770
987		1958		746363		1770
988		1958		746743		1770
989		1958		747123		1770
990		1958		747503		1770
991		1958		747883		1770
992		1958		748263		1770
993		1958		748643		1770
994		1958		749023		1770
995		1958		749403		1770
996		1958		749783		1770
997		1957		750162		1769
998		1956		750539		1769
999		1956		750915		1769
