# Migration is number of nodes that have changed color.

Round		Edge-Cut		Swaps		Migrations		Skipped
0		89762		2176		2101
1		62259		3389		2052
2		50690		4052		2034
3		46352		4473		2021
4		44500		4728		2030
5		43743		4895		2040
6		43129		5014		2027
7		42849		5104		2028
8		42805		5176		2035
9		42531		5227		2027
10		42405		5267		2033
11		42308		5310		2028
12		42223		5356		2025
13		42139		5379		2026
14		42087		5413		2032
15		42076		5433		2031
16		42064		5465		2029
17		42036		5493		2027
18		41979		5513		2027
19		41962		5532		2025
20		41948		5549		2023
21		41933		5566		2028
22		41862		5582		2031
23		41857		5590		2031
24		41848		5594		2027
25		41850		5602		2025
26		41841		5607		2024
27		41837		5611		2024
28		41834		5614		2028
29		41832		5616		2029
30		41852		5622		2029
31		41850		5628		2030
32		41852		5634		2030
33		41833		5638		2027
34		41834		5639		2027
35		41833		5640		2027
36		41833		5640		2027
37		41829		5644		2025
38		41829		5644		2025
39		41824		5647		2025
40		41823		5648		2025
41		41817		5651		2025
42		41817		5651		2025
43		41797		5656		2024
44		41795		5658		2025
45		41794		5660		2027
46		41779		5663		2029
47		41779		5663		2029
48		41779		5663		2029
49		41779		5665		2025
50		41780		5668		2026
51		41784		5669		2026
52		41784		5669		2026
53		41781		5670		2027
54		41778		5671		2028
55		41712		5672		2026
56		41712		5672		2026
57		41712		5672		2026
58		41712		5672		2026
59		41712		5672		2026
60		41710		5673		2027
61		41710		5673		2027
62		41708		5674		2027
63		41708		5674		2027
64		41711		5675		2029
65		41711		5675		2029
66		41711		5675		2029
67		41711		5675		2029
68		41711		5675		2029
69		41711		5675		2029
70		41711		5675		2029
71		41711		5675		2029
72		41711		5675		2029
73		41711		5675		2029
74		41711		5675		2029
75		41711		5675		2029
76		41711		5675		2029
77		41711		5675		2029
78		41712		5677		2029
79		41715		5678		2029
80		41715		5678		2029
81		41715		5678		2029
82		41715		5678		2029
83		41712		5679		2027
84		41712		5679		2027
85		41713		5680		2026
86		41713		5680		2026
87		41713		5680		2026
88		41708		5682		2028
89		41708		5682		2028
90		41708		5682		2028
91		41708		5682		2028
92		41708		5682		2028
93		41708		5682		2028
94		41708		5682		2028
95		41708		5682		2028
96		41708		5682		2028
97		41708		5682		2028
98		41708		5682		2028
99		41708		5682		2028
100		41707		5683		2028
101		41707		5683		2028
102		41707		5683		2028
103		41707		5683		2028
104		41707		5683		2028
105		41707		5683		2028
106		41707		5683		2028
107		41707		5683		2028
108		41707		5683		2028
109		41707		5683		2028
110		41707		5683		2028
111		41707		5683		2028
112		41707		5683		2028
113		41715		5684		2028
114		41715		5684		2028
115		41715		5684		2028
116		41715		5684		2028
117		41715		5684		2028
118		41715		5684		2028
119		41715		5684		2028
120		41715		5684		2028
121		41715		5684		2028
122		41715		5684		2028
123		41715		5684		2028
124		41715		5684		2028
125		41715		5684		2028
126		41717		5685		2027
127		41717		5685		2027
128		41717		5685		2027
129		41717		5685		2027
130		41717		5685		2027
131		41717		5685		2027
132		41717		5685		2027
133		41717		5685		2027
134		41717		5685		2027
135		41717		5685		2027
136		41717		5685		2027
137		41717		5685		2027
138		41717		5685		2027
139		41717		5685		2027
140		41717		5685		2027
141		41717		5685		2027
142		41717		5685		2027
143		41717		5685		2027
144		41717		5685		2027
145		41717		5685		2027
146		41717		5685		2027
147		41717		5685		2027
148		41717		5685		2027
149		41717		5685		2027
150		41717		5685		2027
151		41717		5685		2027
152		41717		5685		2027
153		41717		5685		2027
154		41717		5685		2027
155		41714		5686		2028
156		41714		5686		2028
157		41714		5686		2028
158		41714		5686		2028
159		41714		5686		2028
160		41714		5686		2028
161		41714		5686		2028
162		41714		5686		2028
163		41714		5686		2028
164		41714		5686		2028
165		41714		5686		2028
166		41714		5686		2028
167		41714		5686		2028
168		41714		5686		2028
169		41714		5686		2028
170		41714		5686		2028
171		41714		5686		2028
172		41714		5686		2028
173		41714		5686		2028
174		41716		5688		2026
175		41716		5688		2026
176		41716		5688		2026
177		41716		5688		2026
178		41716		5688		2026
179		41716		5688		2026
180		41716		5688		2026
181		41716		5688		2026
182		41716		5688		2026
183		41716		5688		2026
184		41716		5688		2026
185		41716		5688		2026
186		41716		5688		2026
187		41716		5688		2026
188		41716		5688		2026
189		41716		5688		2026
190		41716		5688		2026
191		41716		5688		2026
192		41716		5688		2026
193		41716		5688		2026
194		41716		5688		2026
195		41716		5688		2026
196		41716		5688		2026
197		41716		5688		2026
198		41716		5688		2026
199		41716		5688		2026
200		41716		5688		2026
201		41716		5688		2026
202		41716		5688		2026
203		41716		5688		2026
204		41716		5688		2026
205		41716		5688		2026
206		41716		5688		2026
207		41716		5688		2026
208		41716		5688		2026
209		41716		5688		2026
210		41716		5688		2026
211		41716		5688		2026
212		41716		5688		2026
213		41716		5688		2026
214		41716		5688		2026
215		41716		5688		2026
216		41716		5688		2026
217		41716		5688		2026
218		41716		5688		2026
219		41716		5688		2026
220		41716		5688		2026
221		41716		5688		2026
222		41716		5688		2026
223		41716		5688		2026
224		41716		5688		2026
225		41716		5688		2026
226		41716		5688		2026
227		41716		5688		2026
228		41716		5688		2026
229		41716		5688		2026
230		41716		5688		2026
231		41716		5688		2026
232		41716		5688		2026
233		41716		5688		2026
234		41716		5688		2026
235		41716		5688		2026
236		41716		5688		2026
237		41716		5688		2026
238		41716		5688		2026
239		41716		5688		2026
240		41716		5688		2026
241		41716		5688		2026
242		41716		5688		2026
243		41716		5688		2026
244		41716		5688		2026
245		41716		5688		2026
246		41716		5688		2026
247		41716		5688		2026
248		41716		5688		2026
249		41716		5688		2026
250		41716		5688		2026
251		41716		5688		2026
252		41716		5688		2026
253		41716		5688		2026
254		41716		5688		2026
255		41716		5688		2026
256		41716		5688		2026
257		41716		5688		2026
258		41716		5688		2026
259		41716		5688		2026
260		41716		5688		2026
261		41716		5688		2026
262		41716		5688		2026
263		41716		5688		2026
264		41716		5688		2026
265		41716		5688		2026
266		41716		5688		2026
267		41715		5689		2027
268		41715		5689		2027
269		41715		5689		2027
270		41715		5689		2027
271		41715		5689		2027
272		41715		5689		2027
273		41715		5689		2027
274		41715		5689		2027
275		41715		5689		2027
276		41715		5689		2027
277		41715		5689		2027
278		41715		5689		2027
279		41715		5689		2027
280		41715		5689		2027
281		41715		5689		2027
282		41715		5689		2027
283		41715		5689		2027
284		41715		5689		2027
285		41715		5689		2027
286		41715		5689		2027
287		41715		5689		2027
288		41715		5689		2027
289		41715		5689		2027
290		41715		5689		2027
291		41715		5689		2027
292		41715		5689		2027
293		41715		5689		2027
294		41715		5689		2027
295		41715		5689		2027
296		41715		5689		2027
297		41715		5689		2027
298		41715		5689		2027
299		41715		5689		2027
300		41715		5689		2027
301		41715		5689		2027
302		41715		5689		2027
303		41715		5689		2027
304		41715		5689		2027
305		41715		5689		2027
306		41715		5689		2027
307		41715		5689		2027
308		41715		5689		2027
309		41715		5689		2027
310		41715		5689		2027
311		41715		5689		2027
312		41715		5689		2027
313		41715		5689		2027
314		41715		5689		2027
315		41715		5689		2027
316		41715		5689		2027
317		41715		5689		2027
318		41715		5689		2027
319		41715		5689		2027
320		41715		5689		2027
321		41715		5689		2027
322		41715		5689		2027
323		41715		5689		2027
324		41715		5689		2027
325		41715		5689		2027
326		41715		5689		2027
327		41715		5689		2027
328		41715		5689		2027
329		41715		5689		2027
330		41715		5689		2027
331		41715		5689		2027
332		41711		5690		2028
333		41711		5690		2028
334		41711		5690		2028
335		41711		5690		2028
336		41711		5690		2028
337		41711		5690		2028
338		41711		5690		2028
339		41711		5690		2028
340		41711		5690		2028
341		41711		5690		2028
342		41711		5690		2028
343		41711		5690		2028
344		41711		5690		2028
345		41711		5690		2028
346		41711		5690		2028
347		41711		5690		2028
348		41711		5690		2028
349		41711		5690		2028
350		41711		5690		2028
351		41711		5690		2028
352		41711		5690		2028
353		41711		5690		2028
354		41711		5690		2028
355		41711		5690		2028
356		41711		5690		2028
357		41711		5690		2028
358		41711		5690		2028
359		41711		5690		2028
360		41711		5690		2028
361		41711		5690		2028
362		41711		5690		2028
363		41711		5690		2028
364		41711		5690		2028
365		41711		5690		2028
366		41711		5690		2028
367		41711		5690		2028
368		41711		5690		2028
369		41711		5690		2028
370		41711		5690		2028
371		41711		5690		2028
372		41711		5690		2028
373		41711		5690		2028
374		41711		5690		2028
375		41711		5690		2028
376		41711		5690		2028
377		41711		5690		2028
378		41711		5690		2028
379		41711		5690		2028
380		41711		5690		2028
381		41711		5690		2028
382		41711		5690		2028
383		41711		5690		2028
384		41711		5690		2028
385		41711		5690		2028
386		41711		5690		2028
387		41711		5690		2028
388		41711		5690		2028
389		41711		5690		2028
390		41711		5690		2028
391		41711		5690		2028
392		41711		5690		2028
393		41711		5690		2028
394		41711		5690		2028
395		41711		5690		2028
396		41711		5690		2028
397		41711		5690		2028
398		41711		5690		2028
399		41711		5690		2028
400		41711		5690		2028
401		41711		5690		2028
402		41711		5690		2028
403		41711		5690		2028
404		41711		5690		2028
405		41711		5690		2028
406		41711		5690		2028
407		41711		5690		2028
408		41711		5690		2028
409		41711		5690		2028
410		41711		5690		2028
411		41711		5690		2028
412		41711		5690		2028
413		41711		5690		2028
414		41711		5690		2028
415		41711		5690		2028
416		41711		5690		2028
417		41711		5690		2028
418		41711		5690		2028
419		41711		5690		2028
420		41711		5690		2028
421		41711		5690		2028
422		41711		5690		2028
423		41711		5690		2028
424		41711		5690		2028
425		41711		5690		2028
426		41711		5690		2028
427		41711		5690		2028
428		41711		5690		2028
429		41711		5690		2028
430		41711		5690		2028
431		41711		5690		2028
432		41711		5690		2028
433		41711		5690		2028
434		41711		5690		2028
435		41711		5690		2028
436		41711		5690		2028
437		41711		5690		2028
438		41711		5690		2028
439		41711		5690		2028
440		41711		5690		2028
441		41711		5690		2028
442		41711		5690		2028
443		41711		5690		2028
444		41711		5690		2028
445		41711		5690		2028
446		41711		5690		2028
447		41711		5690		2028
448		41711		5690		2028
449		41711		5690		2028
450		41711		5690		2028
451		41711		5690		2028
452		41711		5690		2028
453		41711		5690		2028
454		41711		5690		2028
455		41711		5690		2028
456		41711		5690		2028
457		41711		5690		2028
458		41711		5690		2028
459		41711		5690		2028
460		41711		5690		2028
461		41711		5690		2028
462		41711		5690		2028
463		41711		5690		2028
464		41711		5690		2028
465		41711		5690		2028
466		41711		5690		2028
467		41711		5690		2028
468		41711		5690		2028
469		41711		5690		2028
470		41711		5690		2028
471		41711		5690		2028
472		41711		5690		2028
473		41711		5690		2028
474		41711		5690		2028
475		41711		5690		2028
476		41711		5690		2028
477		41711		5690		2028
478		41711		5690		2028
479		41711		5690		2028
480		41711		5690		2028
481		41711		5690		2028
482		41711		5690		2028
483		41711		5690		2028
484		41711		5690		2028
485		41711		5690		2028
486		41711		5690		2028
487		41711		5690		2028
488		41711		5690		2028
489		41711		5690		2028
490		41711		5690		2028
491		41711		5690		2028
492		41711		5690		2028
493		41711		5690		2028
494		41711		5690		2028
495		41711		5690		2028
496		41711		5690		2028
497		41711		5690		2028
498		41711		5690		2028
499		41711		5690		2028
500		41711		5690		2028
501		41711		5690		2028
502		41711		5690		2028
503		41711		5690		2028
504		41711		5690		2028
505		41711		5690		2028
506		41711		5690		2028
507		41711		5690		2028
508		41711		5690		2028
509		41728		5710		2033
510		41737		5755		2019
511		41737		5776		2027
512		41727		5788		2027
513		41725		5796		2025
514		41723		5800		2026
515		41721		5803		2028
516		41716		5807		2028
517		41715		5810		2027
518		41713		5812		2028
519		41710		5813		2028
520		41710		5813		2028
521		41708		5815		2028
522		41708		5815		2028
523		41708		5815		2028
524		41707		5816		2028
525		41707		5816		2028
526		41707		5816		2028
527		41707		5816		2028
528		41706		5817		2027
529		41706		5817		2027
530		41706		5817		2027
531		41705		5818		2027
532		41705		5818		2027
533		41705		5818		2027
534		41704		5819		2027
535		41704		5819		2027
536		41704		5819		2027
537		41703		5820		2026
538		41703		5820		2026
539		41703		5820		2026
540		41703		5820		2026
541		41703		5820		2026
542		41703		5820		2026
543		41703		5820		2026
544		41703		5820		2026
545		41703		5820		2026
546		41703		5820		2026
547		41703		5820		2026
548		41703		5820		2026
549		41703		5820		2026
550		41703		5820		2026
551		41703		5820		2026
552		41703		5820		2026
553		41703		5820		2026
554		41703		5820		2026
555		41703		5820		2026
556		41703		5820		2026
557		41703		5820		2026
558		41703		5820		2026
559		41703		5820		2026
560		41703		5820		2026
561		41703		5820		2026
562		41703		5820		2026
563		41703		5820		2026
564		41703		5820		2026
565		41703		5820		2026
566		41703		5820		2026
567		41703		5820		2026
568		41703		5820		2026
569		41703		5820		2026
570		41703		5820		2026
571		41703		5820		2026
572		41703		5820		2026
573		41703		5820		2026
574		41703		5820		2026
575		41703		5820		2026
576		41703		5820		2026
577		41703		5820		2026
578		41703		5820		2026
579		41701		5821		2024
580		41701		5821		2024
581		41701		5821		2024
582		41701		5821		2024
583		41701		5821		2024
584		41701		5821		2024
585		41701		5821		2024
586		41701		5821		2024
587		41701		5821		2024
588		41701		5821		2024
589		41701		5821		2024
590		41701		5821		2024
591		41701		5821		2024
592		41701		5821		2024
593		41701		5821		2024
594		41701		5821		2024
595		41701		5821		2024
596		41701		5821		2024
597		41701		5821		2024
598		41701		5821		2024
599		41701		5821		2024
600		41701		5821		2024
601		41701		5821		2024
602		41701		5821		2024
603		41701		5821		2024
604		41701		5821		2024
605		41701		5821		2024
606		41701		5821		2024
607		41701		5821		2024
608		41701		5821		2024
609		41701		5821		2024
610		41701		5821		2024
611		41701		5821		2024
612		41701		5821		2024
613		41701		5821		2024
614		41701		5821		2024
615		41701		5821		2024
616		41701		5821		2024
617		41701		5821		2024
618		41701		5821		2024
619		41701		5821		2024
620		41701		5821		2024
621		41701		5821		2024
622		41701		5821		2024
623		41701		5821		2024
624		41701		5821		2024
625		41701		5821		2024
626		41701		5821		2024
627		41701		5821		2024
628		41701		5821		2024
629		41701		5821		2024
630		41701		5821		2024
631		41701		5821		2024
632		41701		5821		2024
633		41701		5821		2024
634		41701		5821		2024
635		41701		5821		2024
636		41701		5821		2024
637		41701		5821		2024
638		41701		5821		2024
639		41701		5821		2024
640		41701		5821		2024
641		41701		5821		2024
642		41701		5821		2024
643		41701		5821		2024
644		41701		5821		2024
645		41701		5821		2024
646		41701		5821		2024
647		41701		5821		2024
648		41701		5821		2024
649		41701		5821		2024
650		41701		5821		2024
651		41701		5821		2024
652		41701		5821		2024
653		41701		5821		2024
654		41701		5821		2024
655		41701		5821		2024
656		41701		5821		2024
657		41701		5821		2024
658		41701		5821		2024
659		41701		5821		2024
660		41701		5821		2024
661		41701		5821		2024
662		41701		5821		2024
663		41701		5821		2024
664		41701		5821		2024
665		41701		5821		2024
666		41701		5821		2024
667		41701		5821		2024
668		41701		5821		2024
669		41701		5821		2024
670		41701		5821		2024
671		41701		5821		2024
672		41701		5821		2024
673		41701		5821		2024
674		41701		5821		2024
675		41701		5821		2024
676		41701		5821		2024
677		41701		5821		2024
678		41701		5821		2024
679		41701		5821		2024
680		41701		5821		2024
681		41701		5821		2024
682		41701		5821		2024
683		41701		5821		2024
684		41701		5821		2024
685		41701		5821		2024
686		41701		5821		2024
687		41701		5821		2024
688		41701		5821		2024
689		41701		5821		2024
690		41701		5821		2024
691		41701		5821		2024
692		41701		5821		2024
693		41701		5821		2024
694		41701		5821		2024
695		41701		5821		2024
696		41701		5821		2024
697		41701		5821		2024
698		41701		5821		2024
699		41701		5821		2024
700		41701		5821		2024
701		41701		5821		2024
702		41701		5821		2024
703		41701		5821		2024
704		41701		5821		2024
705		41701		5821		2024
706		41701		5821		2024
707		41701		5821		2024
708		41701		5821		2024
709		41701		5821		2024
710		41701		5821		2024
711		41701		5821		2024
712		41701		5821		2024
713		41701		5821		2024
714		41701		5821		2024
715		41701		5821		2024
716		41701		5821		2024
717		41701		5821		2024
718		41701		5821		2024
719		41701		5821		2024
720		41701		5821		2024
721		41701		5821		2024
722		41701		5821		2024
723		41701		5821		2024
724		41701		5821		2024
725		41701		5821		2024
726		41701		5821		2024
727		41701		5821		2024
728		41701		5821		2024
729		41701		5821		2024
730		41701		5821		2024
731		41701		5821		2024
732		41701		5821		2024
733		41701		5821		2024
734		41701		5821		2024
735		41701		5821		2024
736		41701		5821		2024
737		41701		5821		2024
738		41701		5821		2024
739		41701		5821		2024
740		41701		5821		2024
741		41701		5821		2024
742		41701		5821		2024
743		41701		5821		2024
744		41701		5821		2024
745		41701		5821		2024
746		41701		5821		2024
747		41701		5821		2024
748		41701		5821		2024
749		41701		5821		2024
750		41701		5821		2024
751		41701		5821		2024
752		41701		5821		2024
753		41701		5821		2024
754		41701		5821		2024
755		41701		5821		2024
756		41701		5821		2024
757		41701		5821		2024
758		41701		5821		2024
759		41701		5821		2024
760		41701		5821		2024
761		41701		5821		2024
762		41701		5821		2024
763		41701		5821		2024
764		41701		5821		2024
765		41701		5821		2024
766		41698		5822		2024
767		41698		5822		2024
768		41698		5822		2024
769		41698		5822		2024
770		41698		5822		2024
771		41698		5822		2024
772		41698		5822		2024
773		41698		5822		2024
774		41698		5822		2024
775		41698		5822		2024
776		41698		5822		2024
777		41698		5822		2024
778		41698		5822		2024
779		41698		5822		2024
780		41698		5822		2024
781		41698		5822		2024
782		41698		5822		2024
783		41698		5822		2024
784		41698		5822		2024
785		41698		5822		2024
786		41698		5822		2024
787		41698		5822		2024
788		41698		5822		2024
789		41698		5822		2024
790		41698		5822		2024
791		41698		5822		2024
792		41698		5822		2024
793		41698		5822		2024
794		41698		5822		2024
795		41698		5822		2024
796		41698		5822		2024
797		41698		5822		2024
798		41698		5822		2024
799		41698		5822		2024
800		41698		5822		2024
801		41698		5822		2024
802		41698		5822		2024
803		41698		5822		2024
804		41698		5822		2024
805		41698		5822		2024
806		41698		5822		2024
807		41698		5822		2024
808		41698		5822		2024
809		41698		5822		2024
810		41698		5822		2024
811		41698		5822		2024
812		41698		5822		2024
813		41698		5822		2024
814		41698		5822		2024
815		41698		5822		2024
816		41698		5822		2024
817		41698		5822		2024
818		41698		5822		2024
819		41698		5822		2024
820		41698		5822		2024
821		41698		5822		2024
822		41698		5822		2024
823		41698		5822		2024
824		41698		5822		2024
825		41698		5822		2024
826		41698		5822		2024
827		41698		5822		2024
828		41698		5822		2024
829		41698		5822		2024
830		41698		5822		2024
831		41698		5822		2024
832		41698		5822		2024
833		41698		5822		2024
834		41698		5822		2024
835		41698		5822		2024
836		41698		5822		2024
837		41698		5822		2024
838		41698		5822		2024
839		41698		5822		2024
840		41698		5822		2024
841		41698		5822		2024
842		41698		5822		2024
843		41698		5822		2024
844		41698		5822		2024
845		41698		5822		2024
846		41698		5822		2024
847		41698		5822		2024
848		41698		5822		2024
849		41698		5822		2024
850		41698		5822		2024
851		41698		5822		2024
852		41698		5822		2024
853		41698		5822		2024
854		41698		5822		2024
855		41698		5822		2024
856		41698		5822		2024
857		41698		5822		2024
858		41698		5822		2024
859		41698		5822		2024
860		41698		5822		2024
861		41698		5822		2024
862		41698		5822		2024
863		41698		5822		2024
864		41698		5822		2024
865		41698		5822		2024
866		41698		5822		2024
867		41698		5822		2024
868		41698		5822		2024
869		41698		5822		2024
870		41698		5822		2024
871		41698		5822		2024
872		41698		5822		2024
873		41698		5822		2024
874		41698		5822		2024
875		41698		5822		2024
876		41698		5822		2024
877		41698		5822		2024
878		41698		5822		2024
879		41698		5822		2024
880		41698		5822		2024
881		41698		5822		2024
882		41698		5822		2024
883		41698		5822		2024
884		41698		5822		2024
885		41698		5822		2024
886		41698		5822		2024
887		41698		5822		2024
888		41698		5822		2024
889		41698		5822		2024
890		41698		5822		2024
891		41698		5822		2024
892		41698		5822		2024
893		41698		5822		2024
894		41698		5822		2024
895		41698		5822		2024
896		41698		5822		2024
897		41698		5822		2024
898		41698		5822		2024
899		41698		5822		2024
900		41698		5822		2024
901		41698		5822		2024
902		41698		5822		2024
903		41698		5822		2024
904		41698		5822		2024
905		41698		5822		2024
906		41698		5822		2024
907		41698		5822		2024
908		41698		5822		2024
909		41698		5822		2024
910		41698		5822		2024
911		41698		5822		2024
912		41698		5822		2024
913		41698		5822		2024
914		41698		5822		2024
915		41698		5822		2024
916		41698		5822		2024
917		41698		5822		2024
918		41698		5822		2024
919		41698		5822		2024
920		41698		5822		2024
921		41698		5822		2024
922		41698		5822		2024
923		41698		5822		2024
924		41698		5822		2024
925		41698		5822		2024
926		41698		5822		2024
927		41698		5822		2024
928		41698		5822		2024
929		41698		5822		2024
930		41698		5822		2024
931		41698		5822		2024
932		41698		5822		2024
933		41698		5822		2024
934		41698		5822		2024
935		41698		5822		2024
936		41698		5822		2024
937		41698		5822		2024
938		41698		5822		2024
939		41698		5822		2024
940		41698		5822		2024
941		41698		5822		2024
942		41698		5822		2024
943		41698		5822		2024
944		41698		5822		2024
945		41698		5822		2024
946		41698		5822		2024
947		41698		5822		2024
948		41698		5822		2024
949		41698		5822		2024
950		41698		5822		2024
951		41698		5822		2024
952		41698		5822		2024
953		41698		5822		2024
954		41698		5822		2024
955		41698		5822		2024
956		41698		5822		2024
957		41698		5822		2024
958		41698		5822		2024
959		41698		5822		2024
960		41698		5822		2024
961		41698		5822		2024
962		41698		5822		2024
963		41698		5822		2024
964		41698		5822		2024
965		41698		5822		2024
966		41698		5822		2024
967		41698		5822		2024
968		41698		5822		2024
969		41698		5822		2024
970		41698		5822		2024
971		41698		5822		2024
972		41698		5822		2024
973		41698		5822		2024
974		41698		5822		2024
975		41698		5822		2024
976		41698		5822		2024
977		41698		5822		2024
978		41698		5822		2024
979		41698		5822		2024
980		41698		5822		2024
981		41698		5822		2024
982		41698		5822		2024
983		41698		5822		2024
984		41698		5822		2024
985		41698		5822		2024
986		41698		5822		2024
987		41698		5822		2024
988		41698		5822		2024
989		41698		5822		2024
990		41698		5822		2024
991		41698		5822		2024
992		41698		5822		2024
993		41698		5822		2024
994		41698		5822		2024
995		41698		5822		2024
996		41698		5822		2024
997		41698		5822		2024
998		41698		5822		2024
999		41698		5822		2024
