# Migration is number of nodes that have changed color.

Round		Edge-Cut		Swaps		Migrations		Skipped
0		9073		4369		3190
1		8343		8317		3274
2		7873		11999		3307
3		7487		15510		3333
4		7122		18825		3367
5		6838		21898		3372
6		6642		24902		3391
7		6441		27745		3450
8		6356		30593		3418
9		6270		33393		3441
10		5994		36091		3436
11		5829		38627		3444
12		5706		41154		3456
13		5540		43637		3466
14		5333		46013		3498
15		5258		48309		3429
16		5173		50611		3436
17		5131		52941		3494
18		4965		55162		3458
19		4814		57328		3438
20		4690		59390		3477
21		4591		61431		3488
22		4476		63441		3498
23		4345		65287		3462
24		4294		67034		3466
25		4219		68948		3477
26		4200		70781		3474
27		4154		72569		3504
28		4048		74250		3506
29		3943		75963		3484
30		3884		77717		3506
31		3882		79372		3508
32		3737		81073		3498
33		3674		82668		3525
34		3646		84149		3490
35		3591		85700		3496
36		3500		87267		3471
37		3422		88719		3452
38		3408		90115		3488
39		3332		91596		3487
40		3333		93092		3478
41		3262		94583		3494
42		3161		95908		3478
43		3194		97254		3452
44		3148		98557		3460
45		3094		99845		3477
46		3132		101189		3467
47		3114		102496		3484
48		3016		103725		3470
49		2977		104898		3486
50		2914		106132		3488
51		2954		107454		3496
52		2935		108731		3463
53		2912		109952		3481
54		2949		111167		3497
55		2958		112358		3472
56		2837		113520		3485
57		2852		114657		3473
58		2830		115758		3465
59		2816		117036		3474
60		2811		118172		3477
61		2764		119373		3443
62		2721		120606		3461
63		2720		121638		3476
64		2717		122724		3490
65		2732		123886		3484
66		2691		125009		3465
67		2635		126163		3468
68		2669		127348		3482
69		2634		128404		3456
70		2624		129499		3451
71		2677		130577		3452
72		2687		131707		3492
73		2582		132734		3484
74		2622		133748		3473
75		2630		134841		3463
76		2570		135922		3454
77		2568		137021		3472
78		2562		138223		3477
79		2606		139319		3466
80		2591		140420		3454
81		2621		141570		3441
82		2650		142719		3465
83		2577		143884		3458
84		2511		144917		3465
85		2452		145912		3478
86		2455		146882		3458
87		2415		147813		3443
88		2466		148863		3461
89		2429		149838		3461
90		2411		150819		3467
91		2386		151838		3466
92		2324		152797		3459
93		2386		153738		3473
94		2359		154675		3452
95		2357		155680		3444
96		2316		156645		3493
97		2390		157671		3474
98		2407		158642		3494
99		2371		159792		3472
100		2352		160820		3495
101		2386		161830		3479
102		2374		162859		3477
103		2370		163896		3485
104		2360		164848		3491
105		2307		165845		3493
106		2307		166830		3515
107		2333		167763		3499
108		2322		168843		3491
109		2251		169842		3471
110		2238		170823		3481
111		2229		171807		3482
112		2181		172703		3500
113		2154		173609		3509
114		2138		174388		3504
115		2124		175231		3496
116		2113		176071		3484
117		2105		176914		3497
118		2083		177810		3477
119		2067		178606		3509
120		2027		179416		3529
121		2025		180189		3530
122		2037		181017		3493
123		2050		181837		3505
124		2013		182625		3498
125		2026		183464		3488
126		2018		184328		3499
127		2007		185142		3506
128		2036		185988		3523
129		2015		186850		3497
130		1968		187620		3493
131		1950		188401		3493
132		1961		189271		3492
133		1957		190156		3496
134		1943		190893		3498
135		1951		191663		3509
136		1946		192473		3497
137		1961		193251		3497
138		1957		193999		3513
139		1965		194764		3501
140		1948		195570		3493
141		1951		196404		3489
142		1989		197248		3504
143		1949		198060		3496
144		1937		198851		3519
145		1917		199627		3517
146		1879		200378		3513
147		1873		201131		3499
148		1853		201857		3508
149		1876		202625		3511
150		1891		203447		3513
151		1860		204303		3489
152		1869		205032		3517
153		1915		205815		3526
154		1885		206626		3487
155		1840		207344		3514
156		1837		208069		3500
157		1822		208758		3500
158		1818		209492		3510
159		1898		210253		3484
160		1870		210973		3495
161		1850		211735		3492
162		1880		212430		3505
163		1831		213143		3495
164		1802		213878		3518
165		1773		214596		3518
166		1739		215293		3515
167		1738		216010		3523
168		1707		216715		3503
169		1693		217391		3508
170		1675		218024		3502
171		1704		218640		3510
172		1706		219351		3510
173		1718		220053		3521
174		1696		220737		3508
175		1705		221417		3514
176		1651		222160		3510
177		1671		222778		3506
178		1671		223444		3516
179		1644		224149		3523
180		1678		224836		3506
181		1698		225504		3511
182		1676		226231		3504
183		1681		226967		3514
184		1683		227665		3504
185		1621		228291		3520
186		1591		228906		3523
187		1631		229573		3531
188		1653		230202		3512
189		1651		230819		3521
190		1648		231493		3516
191		1635		232102		3519
192		1603		232771		3515
193		1653		233365		3512
194		1633		234044		3509
195		1662		234725		3495
196		1615		235342		3506
197		1613		235956		3518
198		1629		236594		3516
199		1658		237253		3520
200		1599		237948		3488
201		1624		238622		3523
202		1609		239281		3522
203		1603		239888		3517
204		1556		240544		3518
205		1561		241140		3541
206		1568		241753		3535
207		1546		242387		3530
208		1548		243008		3520
209		1545		243621		3520
210		1573		244220		3510
211		1596		244919		3509
212		1602		245507		3504
213		1590		246139		3508
214		1576		246783		3513
215		1589		247421		3510
216		1576		248043		3513
217		1593		248673		3493
218		1543		249344		3507
219		1538		249885		3535
220		1542		250596		3515
221		1560		251174		3510
222		1544		251745		3510
223		1608		252353		3492
224		1619		253007		3497
225		1627		253672		3505
226		1592		254306		3505
227		1555		254912		3510
228		1546		255504		3508
229		1514		256065		3522
230		1562		256687		3524
231		1556		257294		3508
232		1580		257917		3503
233		1607		258595		3513
234		1587		259320		3511
235		1558		259968		3489
236		1538		260591		3508
237		1510		261217		3522
238		1493		261833		3507
239		1461		262435		3513
240		1454		263062		3532
241		1493		263658		3521
242		1453		264271		3524
243		1453		264901		3520
244		1458		265480		3529
245		1473		266085		3531
246		1464		266699		3527
247		1448		267274		3537
248		1427		267879		3527
249		1431		268473		3510
250		1428		269057		3515
251		1424		269555		3526
252		1427		270129		3521
253		1413		270776		3518
254		1404		271285		3513
255		1456		271843		3513
256		1478		272485		3506
257		1476		273034		3523
258		1508		273677		3521
259		1493		274277		3521
260		1497		274898		3510
261		1527		275542		3513
262		1513		276118		3532
263		1479		276740		3527
264		1434		277234		3516
265		1425		277818		3534
266		1427		278338		3530
267		1421		278950		3524
268		1418		279452		3541
269		1383		279958		3528
270		1379		280499		3534
271		1394		281071		3540
272		1399		281611		3528
273		1432		282168		3529
274		1424		282691		3517
275		1463		283322		3510
276		1466		283931		3508
277		1464		284529		3506
278		1416		285124		3505
279		1486		285723		3503
280		1457		286434		3511
281		1431		287023		3500
282		1418		287627		3513
283		1429		288227		3519
284		1412		288823		3513
285		1443		289349		3521
286		1387		289879		3521
287		1396		290390		3531
288		1382		290967		3523
289		1384		291512		3519
290		1394		292082		3515
291		1438		292640		3495
292		1428		293172		3507
293		1409		293711		3519
294		1428		294318		3513
295		1397		294890		3522
296		1402		295414		3510
297		1467		296110		3511
298		1440		296831		3517
299		1476		297520		3511
300		1489		298175		3504
301		1443		298800		3505
302		1479		299407		3522
303		1469		300084		3513
304		1437		300752		3528
305		1450		301435		3510
306		1424		302101		3515
307		1463		302754		3514
308		1425		303472		3539
309		1406		304150		3518
310		1396		304709		3524
311		1392		305291		3549
312		1417		305901		3535
313		1418		306551		3541
314		1437		307133		3524
315		1403		307739		3528
316		1417		308312		3525
317		1455		308964		3535
318		1400		309526		3529
319		1395		310072		3523
320		1402		310655		3508
321		1364		311165		3521
322		1418		311658		3518
323		1420		312223		3523
324		1411		312864		3548
325		1443		313552		3540
326		1374		314238		3545
327		1352		314822		3527
328		1350		315346		3539
329		1329		315845		3548
330		1325		316326		3554
331		1326		316786		3559
332		1356		317298		3548
333		1363		317854		3548
334		1360		318473		3562
335		1368		319037		3546
336		1327		319636		3551
337		1360		320200		3553
338		1376		320886		3554
339		1376		321476		3552
340		1363		322074		3555
341		1368		322609		3545
342		1369		323147		3553
343		1382		323740		3565
344		1394		324332		3556
345		1352		324907		3575
346		1395		325466		3552
347		1381		326114		3536
348		1353		326686		3536
349		1340		327267		3549
350		1377		327811		3566
351		1360		328394		3544
352		1338		328990		3545
353		1329		329548		3541
354		1321		330123		3545
355		1301		330727		3538
356		1282		331256		3553
357		1277		331851		3540
358		1288		332391		3551
359		1283		332927		3530
360		1302		333448		3558
361		1306		334003		3559
362		1285		334561		3551
363		1272		335045		3554
364		1268		335539		3541
365		1276		336020		3544
366		1303		336538		3546
367		1330		337121		3555
368		1296		337717		3571
369		1279		338319		3548
370		1271		338848		3552
371		1285		339342		3558
372		1314		339908		3562
373		1273		340458		3557
374		1266		340906		3556
375		1306		341504		3551
376		1264		342069		3540
377		1245		342627		3553
378		1256		343083		3547
379		1288		343677		3545
380		1283		344252		3544
381		1273		344799		3541
382		1335		345386		3541
383		1330		345994		3549
384		1326		346633		3552
385		1295		347177		3558
386		1290		347726		3565
387		1271		348319		3565
388		1273		348846		3552
389		1286		349403		3538
390		1265		349938		3557
391		1309		350472		3550
392		1344		351028		3560
393		1320		351586		3553
394		1315		352179		3530
395		1344		352771		3541
396		1332		353456		3550
397		1316		354060		3543
398		1315		354642		3545
399		1271		355139		3547
400		1334		355773		3539
401		1336		356397		3539
402		1339		356964		3538
403		1319		357573		3548
404		1317		358222		3550
405		1299		358838		3537
406		1300		359387		3550
407		1302		359971		3540
408		1310		360602		3526
409		1366		361262		3545
410		1315		361947		3536
411		1324		362559		3522
412		1330		363241		3537
413		1344		363878		3541
414		1340		364504		3528
415		1317		365150		3534
416		1353		365909		3537
417		1379		366567		3543
418		1373		367254		3549
419		1370		367935		3526
420		1331		368563		3529
421		1394		369227		3523
422		1420		369911		3542
423		1427		370642		3552
424		1423		371371		3554
425		1441		372195		3525
426		1452		373027		3543
427		1432		373743		3544
428		1393		374481		3548
429		1394		375156		3536
430		1428		375859		3541
431		1440		376584		3572
432		1446		377340		3552
433		1424		378039		3551
434		1409		378753		3555
435		1405		379554		3547
436		1434		380203		3564
437		1434		380870		3568
438		1430		381557		3554
439		1438		382240		3552
440		1461		382940		3553
441		1430		383645		3561
442		1472		384317		3544
443		1451		385082		3554
444		1474		385784		3560
445		1457		386622		3560
446		1456		387299		3548
447		1460		387970		3563
448		1430		388674		3543
449		1420		389376		3556
450		1396		390080		3556
451		1398		390688		3545
452		1392		391425		3539
453		1437		392123		3533
454		1408		392740		3564
455		1444		393435		3544
456		1442		394119		3538
457		1491		394765		3538
458		1473		395519		3555
459		1427		396149		3564
460		1499		396940		3539
461		1508		397724		3538
462		1491		398508		3539
463		1493		399167		3540
464		1454		399943		3539
465		1440		400572		3548
466		1421		401208		3553
467		1440		401935		3564
468		1430		402571		3568
469		1415		403236		3549
470		1401		403895		3561
471		1414		404505		3555
472		1405		405184		3541
473		1379		405878		3545
474		1317		406499		3551
475		1354		407129		3542
476		1404		407772		3551
477		1403		408434		3542
478		1418		409029		3538
479		1393		409676		3542
480		1386		410348		3540
481		1390		411022		3546
482		1363		411613		3547
483		1356		412252		3544
484		1381		412863		3543
485		1340		413480		3537
486		1339		414081		3536
487		1383		414637		3540
488		1401		415317		3538
489		1422		416036		3551
490		1436		416642		3545
491		1425		417325		3536
492		1392		417964		3534
493		1399		418603		3540
494		1407		419249		3546
495		1404		419942		3555
496		1422		420704		3544
497		1448		421348		3535
498		1408		421999		3539
499		1463		422687		3550
500		1410		423412		3543
501		1416		424072		3556
502		1427		424738		3564
503		1421		425369		3554
504		1447		426044		3537
505		1447		426788		3548
506		1456		427529		3545
507		1456		428165		3553
508		1423		428912		3564
509		1439		429535		3550
510		1456		430213		3553
511		1447		430896		3557
512		1415		431608		3548
513		1383		432257		3556
514		1395		432898		3544
515		1398		433592		3541
516		1389		434316		3531
517		1346		434969		3533
518		1354		435597		3520
519		1331		436370		3549
520		1356		437000		3568
521		1374		437657		3554
522		1382		438282		3543
523		1361		438936		3545
524		1379		439531		3547
525		1385		440197		3533
526		1357		440768		3549
527		1312		441279		3578
528		1355		441923		3565
529		1342		442583		3559
530		1357		443235		3545
531		1324		443866		3555
532		1352		444498		3563
533		1324		445080		3561
534		1336		445667		3565
535		1316		446231		3544
536		1320		446869		3557
537		1317		447421		3542
538		1337		448034		3544
539		1339		448662		3537
540		1329		449290		3543
541		1294		449881		3546
542		1326		450427		3553
543		1286		450936		3554
544		1270		451412		3547
545		1290		451955		3536
546		1303		452531		3537
547		1254		453036		3536
548		1332		453605		3532
549		1330		454259		3541
550		1318		454942		3545
551		1305		455532		3560
552		1315		456166		3544
553		1315		456757		3555
554		1306		457363		3556
555		1285		457940		3535
556		1274		458557		3547
557		1279		459218		3563
558		1276		459873		3561
559		1254		460427		3544
560		1236		460953		3543
561		1286		461571		3557
562		1245		462157		3546
563		1228		462846		3551
564		1216		463442		3577
565		1234		464017		3555
566		1248		464584		3566
567		1235		465153		3550
568		1239		465681		3555
569		1228		466248		3536
570		1189		466747		3544
571		1208		467309		3547
572		1169		467884		3540
573		1181		468434		3537
574		1174		468996		3542
575		1139		469500		3555
576		1130		470024		3545
577		1152		470500		3537
578		1163		471046		3534
579		1182		471611		3542
580		1222		472203		3538
581		1212		472857		3514
582		1186		473442		3535
583		1198		473931		3538
584		1161		474452		3520
585		1188		474976		3534
586		1271		475600		3529
587		1264		476191		3514
588		1236		476766		3518
589		1197		477344		3518
590		1208		477878		3518
591		1205		478417		3538
592		1204		478957		3520
593		1238		479487		3517
594		1206		480040		3534
595		1189		480516		3525
596		1192		481048		3520
597		1165		481585		3526
598		1167		482131		3535
599		1169		482742		3534
600		1193		483220		3528
601		1178		483769		3525
602		1155		484203		3521
603		1160		484642		3516
604		1149		485065		3520
605		1124		485497		3522
606		1128		485887		3529
607		1098		486306		3538
608		1104		486749		3521
609		1121		487242		3534
610		1120		487682		3527
611		1147		488209		3529
612		1151		488712		3545
613		1138		489227		3536
614		1144		489735		3518
615		1170		490229		3518
616		1155		490712		3531
617		1136		491208		3510
618		1141		491702		3534
619		1197		492302		3519
620		1192		492841		3542
621		1212		493377		3516
622		1196		493905		3535
623		1212		494371		3546
624		1212		494978		3552
625		1222		495550		3542
626		1195		496132		3524
627		1201		496651		3533
628		1202		497182		3532
629		1188		497688		3532
630		1188		498218		3525
631		1164		498704		3506
632		1153		499209		3530
633		1153		499703		3518
634		1126		500165		3514
635		1157		500670		3516
636		1145		501152		3524
637		1171		501659		3522
638		1161		502215		3522
639		1167		502746		3537
640		1185		503317		3518
641		1163		503862		3525
642		1161		504464		3526
643		1137		504974		3529
644		1113		505527		3522
645		1147		506060		3516
646		1124		506568		3535
647		1139		507116		3524
648		1159		507718		3512
649		1163		508283		3527
650		1161		508817		3515
651		1159		509357		3542
652		1159		509884		3544
653		1162		510435		3541
654		1124		510985		3528
655		1161		511546		3519
656		1195		512058		3514
657		1184		512657		3511
658		1201		513181		3533
659		1144		513774		3520
660		1154		514283		3503
661		1198		514776		3542
662		1178		515267		3518
663		1178		515821		3519
664		1177		516357		3505
665		1216		516961		3512
666		1224		517589		3511
667		1207		518165		3524
668		1196		518773		3510
669		1182		519296		3510
670		1166		519801		3535
671		1134		520296		3512
672		1158		520836		3523
673		1174		521351		3509
674		1161		521802		3513
675		1167		522367		3520
676		1169		522856		3508
677		1208		523370		3495
678		1180		523962		3507
679		1193		524507		3503
680		1200		525109		3512
681		1188		525756		3512
682		1198		526306		3519
683		1172		526887		3510
684		1171		527419		3510
685		1207		527953		3509
686		1190		528545		3511
687		1174		529061		3524
688		1196		529569		3523
689		1189		530062		3514
690		1192		530545		3507
691		1193		531075		3515
692		1226		531667		3509
693		1197		532241		3496
694		1167		532863		3502
695		1150		533387		3518
696		1134		533847		3513
697		1138		534328		3516
698		1128		534884		3516
699		1106		535377		3508
700		1097		535857		3521
701		1104		536330		3522
702		1134		536817		3532
703		1113		537315		3505
704		1105		537834		3507
705		1105		538321		3517
706		1106		538828		3523
707		1064		539354		3514
708		1082		539790		3525
709		1080		540303		3519
710		1072		540766		3516
711		1078		541190		3513
712		1054		541668		3511
713		1048		542070		3518
714		1042		542481		3498
715		1063		542943		3512
716		1072		543431		3520
717		1082		543888		3508
718		1089		544401		3509
719		1073		544867		3507
720		1095		545312		3532
721		1074		545797		3528
722		1077		546290		3528
723		1078		546812		3529
724		1079		547298		3513
725		1074		547794		3530
726		1052		548295		3510
727		1040		548702		3511
728		1028		549147		3513
729		1041		549579		3518
730		1058		550015		3518
731		1066		550483		3514
732		1062		550961		3520
733		1040		551472		3523
734		1038		551936		3517
735		1052		552456		3518
736		1040		553007		3512
737		1039		553471		3501
738		1038		553933		3511
739		1041		554426		3509
740		1032		554870		3509
741		1041		555291		3516
742		1049		555765		3495
743		1032		556258		3516
744		1048		556676		3516
745		1045		557213		3499
746		1052		557693		3501
747		1035		558125		3499
748		1050		558560		3499
749		1048		559044		3522
750		1050		559445		3528
751		1062		559901		3517
752		1085		560416		3525
753		1094		560892		3521
754		1115		561369		3504
755		1097		561880		3515
756		1097		562304		3519
757		1057		562762		3521
758		1059		563228		3525
759		1044		563744		3508
760		1014		564166		3529
761		1026		564630		3517
762		1039		565062		3520
763		1037		565527		3525
764		1017		565937		3506
765		1041		566420		3523
766		1053		566920		3512
767		1062		567437		3514
768		1071		567957		3527
769		1070		568413		3537
770		1055		568899		3531
771		1103		569419		3522
772		1099		569959		3519
773		1083		570447		3541
774		1075		570903		3513
775		1110		571383		3532
776		1106		571913		3513
777		1095		572489		3516
778		1084		573077		3516
779		1092		573587		3526
780		1109		574132		3522
781		1115		574604		3511
782		1109		575117		3533
783		1094		575617		3514
784		1105		576058		3519
785		1099		576531		3515
786		1092		577083		3513
787		1114		577618		3516
788		1102		578120		3528
789		1138		578655		3521
790		1159		579229		3543
791		1159		579838		3536
792		1187		580360		3514
793		1159		580977		3533
794		1187		581594		3505
795		1150		582158		3526
796		1175		582673		3521
797		1177		583266		3522
798		1180		583742		3509
799		1176		584294		3504
800		1196		584828		3524
801		1196		585341		3533
802		1190		585900		3513
803		1190		586417		3509
804		1194		586952		3525
805		1220		587531		3512
806		1209		588132		3511
807		1213		588703		3504
808		1186		589308		3507
809		1165		589911		3512
810		1149		590461		3505
811		1151		590926		3488
812		1167		591449		3524
813		1163		591955		3506
814		1147		592468		3514
815		1137		592995		3507
816		1135		593449		3519
817		1126		593946		3533
818		1124		594439		3513
819		1120		594913		3514
820		1121		595418		3523
821		1123		595907		3511
822		1109		596408		3491
823		1134		596925		3506
824		1133		597420		3517
825		1134		597967		3524
826		1106		598519		3532
827		1102		598973		3532
828		1080		599444		3519
829		1112		599893		3525
830		1110		600433		3518
831		1130		600965		3514
832		1108		601541		3529
833		1118		602024		3520
834		1084		602537		3507
835		1068		602982		3513
836		1078		603393		3532
837		1088		603841		3524
838		1083		604332		3528
839		1092		604824		3504
840		1099		605313		3524
841		1096		605760		3505
842		1081		606272		3529
843		1093		606754		3510
844		1113		607183		3537
845		1147		607745		3528
846		1154		608270		3530
847		1151		608808		3531
848		1150		609381		3530
849		1149		609891		3537
850		1134		610433		3523
851		1153		610903		3518
852		1156		611471		3512
853		1161		611959		3510
854		1167		612463		3523
855		1165		612989		3524
856		1152		613483		3517
857		1139		613998		3523
858		1177		614492		3515
859		1148		615001		3513
860		1140		615489		3521
861		1158		615960		3520
862		1158		616427		3508
863		1165		616900		3494
864		1164		617440		3523
865		1204		617948		3514
866		1189		618503		3521
867		1200		619043		3508
868		1186		619555		3517
869		1173		620040		3519
870		1179		620590		3517
871		1174		621079		3513
872		1194		621552		3511
873		1165		622031		3510
874		1159		622511		3510
875		1201		622982		3525
876		1221		623547		3505
877		1194		624128		3538
878		1166		624694		3522
879		1134		625221		3520
880		1140		625741		3527
881		1174		626244		3530
882		1211		626755		3512
883		1177		627279		3528
884		1185		627838		3517
885		1215		628345		3520
886		1224		628926		3519
887		1214		629472		3551
888		1218		630034		3524
889		1185		630558		3517
890		1156		631089		3503
891		1144		631606		3518
892		1164		632038		3520
893		1165		632524		3506
894		1156		633048		3528
895		1133		633574		3522
896		1129		634075		3518
897		1140		634527		3518
898		1149		635035		3509
899		1142		635578		3519
900		1183		636125		3499
901		1188		636643		3529
902		1184		637222		3500
903		1203		637819		3488
904		1201		638386		3511
905		1242		638992		3521
906		1243		639552		3530
907		1240		640207		3515
908		1239		640823		3530
909		1249		641408		3530
910		1251		641988		3530
911		1231		642590		3535
912		1243		643199		3533
913		1219		643733		3538
914		1235		644332		3526
915		1247		644883		3521
916		1247		645482		3530
917		1218		646111		3520
918		1237		646665		3536
919		1244		647255		3515
920		1222		647830		3517
921		1219		648305		3514
922		1211		648867		3529
923		1224		649423		3518
924		1219		650027		3520
925		1201		650545		3515
926		1219		651166		3513
927		1236		651724		3498
928		1235		652353		3521
929		1233		652926		3540
930		1215		653463		3521
931		1208		653987		3518
932		1204		654529		3534
933		1192		655123		3537
934		1195		655666		3519
935		1186		656222		3521
936		1164		656752		3505
937		1168		657249		3491
938		1172		657786		3515
939		1184		658299		3514
940		1182		658769		3517
941		1172		659265		3515
942		1166		659710		3524
943		1126		660140		3512
944		1119		660573		3519
945		1092		661019		3506
946		1088		661440		3514
947		1106		661910		3508
948		1128		662446		3516
949		1160		662954		3518
950		1170		663473		3534
951		1195		663960		3516
952		1224		664506		3523
953		1219		665032		3517
954		1210		665571		3509
955		1184		666101		3496
956		1186		666534		3514
957		1182		667063		3520
958		1165		667560		3504
959		1176		668088		3502
960		1159		668560		3506
961		1125		669016		3504
962		1090		669472		3514
963		1106		669952		3515
964		1111		670410		3519
965		1106		670838		3515
966		1106		671314		3509
967		1098		671724		3509
968		1112		672180		3499
969		1109		672670		3486
970		1105		673148		3503
971		1084		673634		3497
972		1108		674066		3507
973		1096		674538		3514
974		1069		674944		3504
975		1042		675303		3495
976		1037		675685		3496
977		1035		676083		3516
978		1046		676412		3504
979		1069		676792		3495
980		1094		677225		3486
981		1113		677629		3498
982		1104		678165		3493
983		1115		678626		3488
984		1132		679032		3495
985		1099		679484		3498
986		1096		679903		3499
987		1093		680281		3496
988		1096		680690		3522
989		1100		681098		3504
990		1114		681556		3494
991		1128		682054		3499
992		1138		682544		3509
993		1156		683031		3505
994		1119		683562		3511
995		1107		683976		3514
996		1140		684412		3520
997		1174		684888		3512
998		1151		685411		3509
999		1156		685835		3520
