# Migration is number of nodes that have changed color.

Round		Edge-Cut		Swaps		Migrations		Skipped
0		8157		3847		3086
1		7038		6602		3112
2		6157		8787		3160
3		5550		10449		3184
4		5100		11813		3228
5		4777		13011		3209
6		4445		14087		3200
7		4179		15024		3217
8		4027		15805		3227
9		3804		16558		3224
10		3628		17225		3212
11		3455		17851		3207
12		3351		18432		3246
13		3189		18888		3251
14		3120		19329		3266
15		3059		19759		3269
16		2972		20194		3255
17		2911		20561		3255
18		2849		20883		3257
19		2806		21221		3251
20		2779		21568		3266
21		2713		21915		3263
22		2670		22219		3284
23		2598		22497		3280
24		2553		22759		3283
25		2516		23004		3275
26		2451		23293		3282
27		2423		23529		3274
28		2361		23721		3277
29		2338		23898		3286
30		2324		24049		3280
31		2298		24201		3277
32		2273		24350		3271
33		2245		24471		3281
34		2221		24592		3280
35		2219		24690		3276
36		2202		24796		3269
37		2193		24901		3282
38		2184		25001		3279
39		2166		25099		3287
40		2149		25179		3291
41		2136		25240		3288
42		2111		25301		3286
43		2130		25364		3284
44		2135		25458		3291
45		2125		25534		3298
46		2109		25622		3290
47		2102		25687		3300
48		2092		25767		3294
49		2083		25852		3295
50		2076		25927		3290
51		2068		26017		3300
52		2063		26093		3300
53		2051		26179		3297
54		2050		26258		3301
55		2050		26340		3314
56		2041		26428		3320
57		2041		26508		3312
58		2028		26631		3317
59		2025		26709		3323
60		2009		26777		3326
61		1989		26839		3327
62		1986		26891		3321
63		1992		26950		3325
64		1974		27010		3321
65		1973		27068		3332
66		1967		27133		3327
67		1956		27188		3325
68		1959		27245		3324
69		1961		27290		3321
70		1966		27335		3322
71		1946		27392		3319
72		1957		27449		3324
73		1947		27493		3327
74		1943		27530		3320
75		1942		27565		3325
76		1937		27607		3325
77		1939		27631		3325
78		1947		27673		3320
79		1946		27725		3323
80		1937		27764		3318
81		1930		27807		3329
82		1927		27839		3322
83		1925		27872		3328
84		1922		27919		3331
85		1930		27956		3327
86		1926		28001		3326
87		1921		28036		3322
88		1911		28076		3318
89		1911		28107		3317
90		1912		28133		3321
91		1896		28154		3318
92		1900		28179		3316
93		1896		28196		3315
94		1896		28213		3312
95		1895		28230		3312
96		1886		28251		3314
97		1874		28275		3310
98		1874		28281		3309
99		1873		28301		3309
100		1871		28318		3307
101		1866		28332		3307
102		1871		28345		3305
103		1871		28358		3307
104		1870		28372		3306
105		1870		28388		3306
106		1870		28407		3311
107		1874		28435		3309
108		1872		28475		3312
109		1879		28498		3310
110		1876		28526		3307
111		1875		28555		3306
112		1874		28580		3309
113		1874		28605		3305
114		1875		28630		3311
115		1872		28647		3310
116		1869		28659		3309
117		1871		28679		3310
118		1866		28704		3309
119		1857		28722		3308
120		1857		28735		3312
121		1854		28751		3312
122		1851		28759		3313
123		1851		28765		3311
124		1850		28772		3307
125		1849		28779		3307
126		1847		28789		3306
127		1849		28792		3307
128		1846		28799		3306
129		1846		28807		3304
130		1843		28815		3305
131		1838		28822		3304
132		1838		28824		3304
133		1837		28825		3305
134		1837		28834		3303
135		1839		28836		3306
136		1838		28841		3305
137		1837		28846		3303
138		1834		28850		3304
139		1834		28850		3304
140		1835		28853		3305
141		1835		28856		3303
142		1834		28859		3304
143		1835		28860		3303
144		1835		28863		3305
145		1832		28868		3305
146		1833		28869		3305
147		1832		28872		3305
148		1833		28873		3305
149		1832		28874		3305
150		1832		28875		3305
151		1833		28879		3305
152		1832		28880		3305
153		1833		28883		3305
154		1833		28884		3306
155		1833		28887		3305
156		1833		28887		3305
157		1834		28888		3304
158		1833		28889		3306
159		1833		28891		3306
160		1833		28893		3306
161		1833		28895		3306
162		1831		28897		3306
163		1832		28898		3306
164		1831		28901		3306
165		1832		28902		3306
166		1831		28905		3306
167		1832		28906		3306
168		1831		28907		3306
169		1831		28909		3306
170		1832		28910		3306
171		1832		28915		3305
172		1833		28918		3306
173		1832		28921		3306
174		1833		28922		3306
175		1832		28925		3306
176		1831		28927		3307
177		1831		28927		3307
178		1831		28927		3307
179		1831		28927		3307
180		1831		28927		3307
181		1831		28927		3307
182		1831		28927		3307
183		1831		28927		3307
184		1831		28927		3307
185		1831		28927		3307
186		1831		28927		3307
187		1831		28927		3307
188		1831		28927		3307
189		1831		28927		3307
190		1831		28927		3307
191		1831		28927		3307
192		1831		28927		3307
193		1831		28927		3307
194		1831		28927		3307
195		1831		28927		3307
196		1831		28927		3307
197		1831		28927		3307
198		1831		28927		3307
199		1831		28927		3307
200		1831		28927		3307
201		1831		28927		3307
202		1831		28927		3307
203		1831		28927		3307
204		1831		28927		3307
205		1831		28927		3307
206		1831		28927		3307
207		1831		28927		3307
208		1831		28927		3307
209		1831		28927		3307
210		1831		28927		3307
211		1831		28927		3307
212		1831		28927		3307
213		1831		28927		3307
214		1831		28927		3307
215		1831		28927		3307
216		1831		28927		3307
217		1831		28927		3307
218		1831		28927		3307
219		1831		28927		3307
220		1831		28927		3307
221		1831		28927		3307
222		1831		28927		3307
223		1831		28927		3307
224		1831		28927		3307
225		1831		28927		3307
226		1831		28927		3307
227		1831		28927		3307
228		1831		28927		3307
229		1831		28927		3307
230		1831		28927		3307
231		1831		28927		3307
232		1831		28927		3307
233		1831		28927		3307
234		1831		28927		3307
235		1831		28927		3307
236		1831		28927		3307
237		1831		28927		3307
238		1831		28927		3307
239		1831		28927		3307
240		1831		28927		3307
241		1831		28927		3307
242		1831		28927		3307
243		1831		28927		3307
244		1831		28927		3307
245		1831		28927		3307
246		1831		28927		3307
247		1831		28927		3307
248		1831		28927		3307
249		1831		28927		3307
250		1831		28927		3307
251		1831		28927		3307
252		1831		28927		3307
253		1831		28927		3307
254		1831		28927		3307
255		1831		28927		3307
256		1831		28927		3307
257		1831		28927		3307
258		1831		28927		3307
259		1831		28927		3307
260		1831		28927		3307
261		1831		28927		3307
262		1831		28927		3307
263		1831		28927		3307
264		1831		28927		3307
265		1831		28927		3307
266		1831		28927		3307
267		1831		28927		3307
268		1831		28927		3307
269		1831		28927		3307
270		1831		28927		3307
271		1831		28927		3307
272		1831		28927		3307
273		1831		28927		3307
274		1831		28927		3307
275		1831		28927		3307
276		1831		28927		3307
277		1831		28927		3307
278		1831		28927		3307
279		1831		28927		3307
280		1831		28927		3307
281		1831		28927		3307
282		1831		28927		3307
283		1831		28927		3307
284		1831		28927		3307
285		1831		28927		3307
286		1831		28927		3307
287		1831		28927		3307
288		1831		28927		3307
289		1831		28927		3307
290		1831		28927		3307
291		1831		28927		3307
292		1831		28927		3307
293		1831		28927		3307
294		1831		28927		3307
295		1831		28927		3307
296		1831		28927		3307
297		1831		28927		3307
298		1831		28927		3307
299		1831		28927		3307
300		1831		28927		3307
301		1831		28927		3307
302		1831		28927		3307
303		1831		28927		3307
304		1831		28927		3307
305		1831		28927		3307
306		1831		28927		3307
307		1831		28927		3307
308		1831		28927		3307
309		1831		28927		3307
310		1831		28927		3307
311		1831		28927		3307
312		1831		28927		3307
313		1831		28927		3307
314		1831		28927		3307
315		1831		28927		3307
316		1831		28927		3307
317		1831		28927		3307
318		1831		28927		3307
319		1831		28927		3307
320		1831		28927		3307
321		1831		28927		3307
322		1831		28927		3307
323		1831		28927		3307
324		1831		28927		3307
325		1831		28927		3307
326		1831		28927		3307
327		1831		28927		3307
328		1831		28927		3307
329		1831		28927		3307
330		1831		28927		3307
331		1831		28927		3307
332		1831		28927		3307
333		1831		28927		3307
334		1831		28927		3307
335		1831		28927		3307
336		1831		28927		3307
337		1831		28927		3307
338		1831		28927		3307
339		1831		28927		3307
340		1831		28927		3307
341		1831		28927		3307
342		1831		28927		3307
343		1831		28927		3307
344		1831		28927		3307
345		1831		28927		3307
346		1831		28927		3307
347		1831		28927		3307
348		1831		28927		3307
349		1831		28927		3307
350		1831		28927		3307
351		1831		28927		3307
352		1831		28927		3307
353		1831		28927		3307
354		1831		28927		3307
355		1831		28927		3307
356		1831		28927		3307
357		1831		28927		3307
358		1831		28927		3307
359		1831		28927		3307
360		1831		28927		3307
361		1831		28927		3307
362		1831		28927		3307
363		1831		28927		3307
364		1831		28927		3307
365		1831		28927		3307
366		1831		28927		3307
367		1831		28927		3307
368		1831		28927		3307
369		1831		28927		3307
370		1831		28927		3307
371		1831		28927		3307
372		1831		28927		3307
373		1831		28927		3307
374		1831		28927		3307
375		1831		28927		3307
376		1831		28927		3307
377		1831		28927		3307
378		1831		28927		3307
379		1831		28927		3307
380		1831		28927		3307
381		1831		28927		3307
382		1831		28927		3307
383		1831		28927		3307
384		1831		28927		3307
385		1831		28927		3307
386		1831		28927		3307
387		1831		28927		3307
388		1831		28927		3307
389		1831		28927		3307
390		1831		28927		3307
391		1831		28927		3307
392		1831		28927		3307
393		1831		28927		3307
394		1831		28927		3307
395		1831		28927		3307
396		1831		28927		3307
397		1831		28927		3307
398		1831		28927		3307
399		1831		28927		3307
400		1831		28927		3307
401		1831		28927		3307
402		1831		28927		3307
403		1831		28927		3307
404		1831		28927		3307
405		1831		28927		3307
406		1831		28927		3307
407		1831		28927		3307
408		1831		28927		3307
409		1831		28927		3307
410		1831		28927		3307
411		1831		28927		3307
412		1831		28927		3307
413		1831		28927		3307
414		1831		28927		3307
415		1831		28927		3307
416		1831		28927		3307
417		1831		28927		3307
418		1831		28927		3307
419		1831		28927		3307
420		1831		28927		3307
421		1831		28927		3307
422		1831		28927		3307
423		1831		28927		3307
424		1831		28927		3307
425		1831		28927		3307
426		1831		28927		3307
427		1831		28927		3307
428		1831		28927		3307
429		1831		28927		3307
430		1831		28927		3307
431		1831		28927		3307
432		1831		28927		3307
433		1831		28927		3307
434		1831		28927		3307
435		1831		28927		3307
436		1831		28927		3307
437		1831		28927		3307
438		1831		28927		3307
439		1831		28927		3307
440		1831		28927		3307
441		1831		28927		3307
442		1831		28927		3307
443		1831		28927		3307
444		1831		28927		3307
445		1831		28927		3307
446		1831		28927		3307
447		1831		28927		3307
448		1831		28927		3307
449		1831		28927		3307
450		1831		28927		3307
451		1831		28927		3307
452		1831		28927		3307
453		1831		28927		3307
454		1831		28927		3307
455		1831		28927		3307
456		1831		28927		3307
457		1831		28927		3307
458		1831		28927		3307
459		1831		28927		3307
460		1831		28927		3307
461		1831		28927		3307
462		1831		28927		3307
463		1831		28927		3307
464		1831		28927		3307
465		1831		28927		3307
466		1831		28927		3307
467		1831		28927		3307
468		1831		28927		3307
469		1831		28927		3307
470		1831		28927		3307
471		1831		28927		3307
472		1831		28927		3307
473		1831		28927		3307
474		1831		28927		3307
475		1831		28927		3307
476		1831		28927		3307
477		1831		28927		3307
478		1831		28927		3307
479		1831		28927		3307
480		1831		28927		3307
481		1831		28927		3307
482		1831		28927		3307
483		1831		28927		3307
484		1831		28927		3307
485		1831		28927		3307
486		1831		28927		3307
487		1831		28927		3307
488		1831		28927		3307
489		1831		28927		3307
490		1831		28927		3307
491		1831		28927		3307
492		1831		28927		3307
493		1831		28927		3307
494		1831		28927		3307
495		1831		28927		3307
496		1831		28927		3307
497		1831		28927		3307
498		1831		28927		3307
499		1831		28927		3307
500		1831		28927		3307
501		1831		28927		3307
502		1831		28927		3307
503		1831		28927		3307
504		1831		28927		3307
505		1831		28927		3307
506		1831		28927		3307
507		1831		28927		3307
508		1831		28927		3307
509		1831		28927		3307
510		1831		28927		3307
511		1831		28927		3307
512		1833		28928		3308
513		1833		28928		3308
514		1833		28928		3308
515		1833		28928		3308
516		1833		28928		3308
517		1831		28929		3308
518		1831		28929		3308
519		1831		28929		3308
520		1831		28929		3308
521		1831		28929		3308
522		1831		28929		3308
523		1831		28929		3308
524		1831		28929		3308
525		1831		28929		3308
526		1831		28929		3308
527		1831		28929		3308
528		1831		28929		3308
529		1831		28929		3308
530		1831		28929		3308
531		1831		28929		3308
532		1831		28929		3308
533		1831		28929		3308
534		1831		28929		3308
535		1831		28929		3308
536		1831		28929		3308
537		1831		28929		3308
538		1831		28929		3308
539		1831		28929		3308
540		1831		28929		3308
541		1831		28929		3308
542		1831		28929		3308
543		1831		28929		3308
544		1831		28929		3308
545		1831		28929		3308
546		1831		28929		3308
547		1831		28929		3308
548		1831		28929		3308
549		1831		28929		3308
550		1831		28929		3308
551		1831		28929		3308
552		1831		28929		3308
553		1831		28929		3308
554		1831		28929		3308
555		1831		28929		3308
556		1831		28929		3308
557		1831		28929		3308
558		1831		28929		3308
559		1831		28929		3308
560		1831		28929		3308
561		1831		28929		3308
562		1831		28929		3308
563		1831		28929		3308
564		1831		28929		3308
565		1831		28929		3308
566		1831		28929		3308
567		1831		28929		3308
568		1831		28929		3308
569		1831		28929		3308
570		1831		28929		3308
571		1831		28929		3308
572		1831		28929		3308
573		1831		28929		3308
574		1831		28929		3308
575		1831		28929		3308
576		1831		28929		3308
577		1831		28929		3308
578		1831		28929		3308
579		1831		28929		3308
580		1831		28929		3308
581		1831		28929		3308
582		1831		28929		3308
583		1831		28929		3308
584		1831		28929		3308
585		1831		28929		3308
586		1831		28929		3308
587		1831		28929		3308
588		1831		28929		3308
589		1831		28929		3308
590		1831		28929		3308
591		1831		28929		3308
592		1831		28929		3308
593		1831		28929		3308
594		1831		28929		3308
595		1831		28929		3308
596		1831		28929		3308
597		1831		28929		3308
598		1831		28929		3308
599		1831		28929		3308
600		1831		28929		3308
601		1831		28929		3308
602		1831		28929		3308
603		1831		28929		3308
604		1831		28929		3308
605		1831		28929		3308
606		1831		28929		3308
607		1831		28929		3308
608		1831		28929		3308
609		1831		28929		3308
610		1831		28929		3308
611		1831		28929		3308
612		1831		28929		3308
613		1831		28929		3308
614		1831		28929		3308
615		1831		28929		3308
616		1831		28929		3308
617		1831		28929		3308
618		1831		28929		3308
619		1831		28929		3308
620		1831		28929		3308
621		1831		28929		3308
622		1831		28929		3308
623		1831		28929		3308
624		1831		28929		3308
625		1831		28929		3308
626		1831		28929		3308
627		1831		28929		3308
628		1831		28929		3308
629		1831		28929		3308
630		1831		28929		3308
631		1831		28929		3308
632		1831		28929		3308
633		1831		28929		3308
634		1831		28929		3308
635		1831		28929		3308
636		1831		28929		3308
637		1831		28929		3308
638		1831		28929		3308
639		1831		28929		3308
640		1831		28929		3308
641		1831		28929		3308
642		1831		28929		3308
643		1831		28929		3308
644		1831		28929		3308
645		1831		28929		3308
646		1831		28929		3308
647		1831		28929		3308
648		1831		28929		3308
649		1831		28929		3308
650		1831		28929		3308
651		1831		28929		3308
652		1831		28929		3308
653		1831		28929		3308
654		1831		28929		3308
655		1831		28929		3308
656		1831		28929		3308
657		1831		28929		3308
658		1831		28929		3308
659		1831		28929		3308
660		1831		28929		3308
661		1831		28929		3308
662		1831		28929		3308
663		1831		28929		3308
664		1831		28929		3308
665		1831		28929		3308
666		1831		28929		3308
667		1831		28929		3308
668		1831		28929		3308
669		1831		28929		3308
670		1831		28929		3308
671		1831		28929		3308
672		1831		28929		3308
673		1831		28929		3308
674		1831		28929		3308
675		1831		28929		3308
676		1831		28929		3308
677		1831		28929		3308
678		1831		28929		3308
679		1831		28929		3308
680		1831		28929		3308
681		1831		28929		3308
682		1831		28929		3308
683		1831		28929		3308
684		1831		28929		3308
685		1831		28929		3308
686		1831		28929		3308
687		1831		28929		3308
688		1831		28929		3308
689		1831		28929		3308
690		1831		28929		3308
691		1831		28929		3308
692		1831		28929		3308
693		1831		28929		3308
694		1831		28929		3308
695		1831		28929		3308
696		1831		28929		3308
697		1831		28929		3308
698		1831		28929		3308
699		1831		28929		3308
700		1831		28929		3308
701		1831		28929		3308
702		1831		28929		3308
703		1831		28929		3308
704		1831		28929		3308
705		1831		28929		3308
706		1831		28929		3308
707		1831		28929		3308
708		1831		28929		3308
709		1831		28929		3308
710		1831		28929		3308
711		1831		28929		3308
712		1831		28929		3308
713		1831		28929		3308
714		1831		28929		3308
715		1831		28929		3308
716		1831		28929		3308
717		1831		28929		3308
718		1831		28929		3308
719		1831		28929		3308
720		1831		28929		3308
721		1831		28929		3308
722		1831		28929		3308
723		1831		28929		3308
724		1831		28929		3308
725		1831		28929		3308
726		1831		28929		3308
727		1831		28929		3308
728		1831		28929		3308
729		1831		28929		3308
730		1831		28929		3308
731		1831		28929		3308
732		1831		28929		3308
733		1831		28929		3308
734		1831		28929		3308
735		1831		28929		3308
736		1831		28929		3308
737		1831		28929		3308
738		1831		28929		3308
739		1831		28929		3308
740		1831		28929		3308
741		1831		28929		3308
742		1831		28929		3308
743		1831		28929		3308
744		1831		28929		3308
745		1831		28929		3308
746		1831		28929		3308
747		1831		28929		3308
748		1831		28929		3308
749		1831		28929		3308
750		1831		28929		3308
751		1831		28929		3308
752		1831		28929		3308
753		1831		28929		3308
754		1831		28929		3308
755		1831		28929		3308
756		1831		28929		3308
757		1831		28929		3308
758		1831		28929		3308
759		1831		28929		3308
760		1831		28929		3308
761		1831		28929		3308
762		1831		28929		3308
763		1831		28929		3308
764		1831		28929		3308
765		1831		28929		3308
766		1831		28929		3308
767		1831		28929		3308
768		1831		28929		3308
769		1831		28929		3308
770		1831		28929		3308
771		1831		28929		3308
772		1831		28929		3308
773		1831		28929		3308
774		1831		28929		3308
775		1831		28929		3308
776		1831		28929		3308
777		1831		28929		3308
778		1831		28929		3308
779		1831		28929		3308
780		1831		28929		3308
781		1831		28929		3308
782		1831		28929		3308
783		1831		28929		3308
784		1831		28929		3308
785		1831		28929		3308
786		1831		28929		3308
787		1831		28929		3308
788		1831		28929		3308
789		1831		28929		3308
790		1831		28929		3308
791		1831		28929		3308
792		1831		28929		3308
793		1831		28929		3308
794		1831		28929		3308
795		1831		28929		3308
796		1831		28929		3308
797		1831		28929		3308
798		1831		28929		3308
799		1831		28929		3308
800		1831		28929		3308
801		1831		28929		3308
802		1831		28929		3308
803		1831		28929		3308
804		1831		28929		3308
805		1831		28929		3308
806		1831		28929		3308
807		1831		28929		3308
808		1831		28929		3308
809		1831		28929		3308
810		1831		28929		3308
811		1831		28929		3308
812		1831		28929		3308
813		1831		28929		3308
814		1831		28929		3308
815		1831		28929		3308
816		1831		28929		3308
817		1831		28929		3308
818		1831		28929		3308
819		1831		28929		3308
820		1831		28929		3308
821		1831		28929		3308
822		1831		28929		3308
823		1831		28929		3308
824		1831		28929		3308
825		1831		28929		3308
826		1831		28929		3308
827		1831		28929		3308
828		1831		28929		3308
829		1831		28929		3308
830		1831		28929		3308
831		1831		28929		3308
832		1831		28929		3308
833		1831		28929		3308
834		1831		28929		3308
835		1831		28929		3308
836		1831		28929		3308
837		1831		28929		3308
838		1831		28929		3308
839		1831		28929		3308
840		1831		28929		3308
841		1831		28929		3308
842		1831		28929		3308
843		1831		28929		3308
844		1831		28929		3308
845		1831		28929		3308
846		1831		28929		3308
847		1831		28929		3308
848		1831		28929		3308
849		1831		28929		3308
850		1831		28929		3308
851		1831		28929		3308
852		1831		28929		3308
853		1831		28929		3308
854		1831		28929		3308
855		1831		28929		3308
856		1831		28929		3308
857		1831		28929		3308
858		1831		28929		3308
859		1831		28929		3308
860		1831		28929		3308
861		1831		28929		3308
862		1831		28929		3308
863		1831		28929		3308
864		1831		28929		3308
865		1831		28929		3308
866		1831		28929		3308
867		1831		28929		3308
868		1831		28929		3308
869		1831		28929		3308
870		1831		28929		3308
871		1831		28929		3308
872		1831		28929		3308
873		1831		28929		3308
874		1831		28929		3308
875		1831		28929		3308
876		1831		28929		3308
877		1831		28929		3308
878		1831		28929		3308
879		1831		28929		3308
880		1831		28929		3308
881		1831		28929		3308
882		1831		28929		3308
883		1831		28929		3308
884		1831		28929		3308
885		1831		28929		3308
886		1831		28929		3308
887		1831		28929		3308
888		1831		28929		3308
889		1831		28929		3308
890		1831		28929		3308
891		1831		28929		3308
892		1831		28929		3308
893		1831		28929		3308
894		1831		28929		3308
895		1831		28929		3308
896		1831		28929		3308
897		1831		28929		3308
898		1831		28929		3308
899		1831		28929		3308
900		1831		28929		3308
901		1831		28929		3308
902		1831		28929		3308
903		1831		28929		3308
904		1831		28929		3308
905		1831		28929		3308
906		1831		28929		3308
907		1831		28929		3308
908		1831		28929		3308
909		1831		28929		3308
910		1831		28929		3308
911		1831		28929		3308
912		1831		28929		3308
913		1831		28929		3308
914		1831		28929		3308
915		1831		28929		3308
916		1831		28929		3308
917		1831		28929		3308
918		1831		28929		3308
919		1831		28929		3308
920		1831		28929		3308
921		1831		28929		3308
922		1831		28929		3308
923		1831		28929		3308
924		1831		28929		3308
925		1831		28929		3308
926		1831		28929		3308
927		1831		28929		3308
928		1831		28929		3308
929		1831		28929		3308
930		1831		28929		3308
931		1831		28929		3308
932		1831		28929		3308
933		1831		28929		3308
934		1831		28929		3308
935		1831		28929		3308
936		1831		28929		3308
937		1831		28929		3308
938		1831		28929		3308
939		1831		28929		3308
940		1831		28929		3308
941		1831		28929		3308
942		1831		28929		3308
943		1831		28929		3308
944		1831		28929		3308
945		1831		28929		3308
946		1831		28929		3308
947		1831		28929		3308
948		1831		28929		3308
949		1831		28929		3308
950		1831		28929		3308
951		1831		28929		3308
952		1831		28929		3308
953		1831		28929		3308
954		1831		28929		3308
955		1831		28929		3308
956		1831		28929		3308
957		1831		28929		3308
958		1831		28929		3308
959		1831		28929		3308
960		1831		28929		3308
961		1831		28929		3308
962		1831		28929		3308
963		1831		28929		3308
964		1831		28929		3308
965		1831		28929		3308
966		1831		28929		3308
967		1831		28929		3308
968		1831		28929		3308
969		1831		28929		3308
970		1831		28929		3308
971		1831		28929		3308
972		1831		28929		3308
973		1831		28929		3308
974		1831		28929		3308
975		1831		28929		3308
976		1831		28929		3308
977		1831		28929		3308
978		1831		28929		3308
979		1831		28929		3308
980		1831		28929		3308
981		1831		28929		3308
982		1831		28929		3308
983		1831		28929		3308
984		1831		28929		3308
985		1831		28929		3308
986		1831		28929		3308
987		1831		28929		3308
988		1831		28929		3308
989		1831		28929		3308
990		1831		28929		3308
991		1831		28929		3308
992		1831		28929		3308
993		1831		28929		3308
994		1831		28929		3308
995		1831		28929		3308
996		1831		28929		3308
997		1831		28929		3308
998		1831		28929		3308
999		1831		28929		3308
