# Migration is number of nodes that have changed color.

Round		Edge-Cut		Swaps		Migrations		Skipped
0		4289		2261		1096
1		3666		4327		1217
2		3532		6260		1316
3		3402		8142		1369
4		3300		9965		1416
5		3216		11717		1476
6		3152		13416		1501
7		3065		15077		1518
8		2988		16669		1526
9		2941		18206		1533
10		2896		19710		1539
11		2856		21218		1551
12		2824		22672		1556
13		2776		24097		1561
14		2735		25483		1559
15		2701		26849		1570
16		2661		28175		1573
17		2635		29450		1574
18		2608		30713		1592
19		2596		31961		1604
20		2582		33195		1616
21		2559		34415		1613
22		2530		35613		1623
23		2506		36794		1625
24		2501		37973		1632
25		2490		39131		1632
26		2469		40278		1631
27		2458		41403		1640
28		2440		42528		1644
29		2436		43641		1646
30		2423		44746		1644
31		2417		45846		1644
32		2403		46931		1645
33		2393		47997		1647
34		2388		49050		1653
35		2382		50086		1658
36		2377		51119		1654
37		2369		52140		1651
38		2362		53156		1651
39		2364		54165		1651
40		2359		55167		1647
41		2349		56167		1653
42		2342		57154		1650
43		2338		58136		1652
44		2338		59112		1657
45		2330		60081		1653
46		2325		61038		1655
47		2322		61992		1660
48		2319		62941		1657
49		2313		63884		1657
50		2326		64823		1652
51		2308		65747		1660
52		2301		66660		1654
53		2299		67570		1655
54		2292		68474		1652
55		2289		69368		1655
56		2283		70253		1651
57		2279		71129		1652
58		2276		72002		1649
59		2273		72867		1654
60		2264		73725		1655
61		2259		74574		1658
62		2257		75417		1658
63		2261		76254		1660
64		2253		77091		1659
65		2251		77919		1657
66		2252		78747		1660
67		2249		79576		1659
68		2248		80402		1661
69		2247		81225		1663
70		2248		82049		1664
71		2247		82874		1660
72		2247		83696		1660
73		2248		84518		1659
74		2247		85345		1660
75		2246		86172		1662
76		2246		86998		1662
77		2244		87822		1666
78		2243		88639		1665
79		2243		89460		1663
80		2245		90286		1668
81		2241		91101		1669
82		2243		91914		1669
83		2243		92730		1669
84		2242		93546		1668
85		2237		94353		1666
86		2238		95160		1668
87		2236		95965		1671
88		2237		96777		1672
89		2239		97590		1681
90		2235		98399		1678
91		2228		99198		1679
92		2229		99995		1681
93		2225		100792		1679
94		2223		101588		1680
95		2222		102379		1683
96		2220		103171		1685
97		2218		103957		1688
98		2217		104740		1688
99		2217		105522		1688
100		2215		106308		1685
101		2215		107092		1687
102		2215		107877		1688
103		2215		108659		1688
104		2216		109440		1687
105		2215		110223		1688
106		2215		111005		1688
107		2215		111787		1689
108		2215		112567		1689
109		2214		113346		1689
110		2214		114124		1689
111		2215		114904		1689
112		2214		115683		1690
113		2215		116460		1689
114		2215		117237		1690
115		2215		118017		1690
116		2214		118795		1692
117		2215		119574		1690
118		2214		120352		1692
119		2214		121128		1692
120		2214		121904		1692
121		2214		122681		1694
122		2214		123458		1693
123		2214		124234		1693
124		2214		125011		1693
125		2214		125787		1693
126		2211		126560		1691
127		2211		127332		1691
128		2210		128103		1692
129		2210		128873		1691
130		2211		129647		1690
131		2210		130417		1691
132		2209		131186		1693
133		2209		131954		1693
134		2209		132722		1693
135		2210		133489		1691
136		2210		134257		1691
137		2210		135025		1691
138		2210		135793		1691
139		2209		136560		1691
140		2209		137327		1693
141		2208		138094		1693
142		2208		138860		1693
143		2208		139626		1693
144		2207		140391		1693
145		2206		141154		1694
146		2206		141916		1694
147		2206		142678		1694
148		2206		143440		1694
149		2206		144202		1694
150		2205		144963		1694
151		2205		145723		1694
152		2205		146483		1694
153		2205		147243		1694
154		2205		148003		1694
155		2205		148763		1694
156		2205		149523		1694
157		2205		150283		1694
158		2205		151043		1694
159		2205		151803		1694
160		2205		152563		1694
161		2205		153323		1694
162		2205		154083		1694
163		2205		154843		1694
164		2205		155603		1694
165		2204		156362		1696
166		2204		157120		1696
167		2204		157878		1696
168		2204		158636		1696
169		2204		159394		1696
170		2203		160151		1696
171		2203		160907		1696
172		2203		161663		1696
173		2203		162419		1696
174		2203		163175		1696
175		2203		163931		1696
176		2203		164687		1696
177		2203		165443		1696
178		2203		166199		1696
179		2203		166955		1696
180		2202		167712		1695
181		2202		168466		1695
182		2201		169219		1697
183		2201		169971		1697
184		2201		170723		1697
185		2201		171475		1697
186		2201		172227		1697
187		2201		172979		1697
188		2201		173731		1697
189		2201		174483		1697
190		2201		175235		1697
191		2201		175987		1697
192		2200		176738		1696
193		2199		177487		1698
194		2198		178234		1698
195		2198		178980		1698
196		2198		179726		1698
197		2198		180472		1698
198		2198		181218		1698
199		2198		181964		1698
200		2198		182710		1698
201		2198		183456		1698
202		2198		184202		1698
203		2198		184948		1698
204		2197		185695		1698
205		2197		186439		1698
206		2196		187182		1697
207		2196		187924		1697
208		2196		188666		1697
209		2196		189408		1697
210		2196		190150		1697
211		2196		190892		1697
212		2196		191634		1697
213		2195		192375		1699
214		2195		193115		1699
215		2195		193855		1699
216		2195		194595		1699
217		2195		195335		1699
218		2195		196075		1699
219		2195		196815		1699
220		2195		197555		1699
221		2195		198295		1699
222		2195		199035		1699
223		2195		199775		1699
224		2195		200515		1699
225		2195		201255		1699
226		2195		201995		1699
227		2195		202735		1699
228		2195		203475		1699
229		2194		204214		1698
230		2194		204952		1698
231		2194		205690		1698
232		2194		206428		1698
233		2194		207166		1698
234		2194		207904		1698
235		2194		208642		1698
236		2193		209381		1698
237		2193		210119		1698
238		2193		210857		1698
239		2193		211595		1698
240		2193		212333		1698
241		2193		213071		1698
242		2193		213809		1698
243		2193		214547		1698
244		2192		215284		1697
245		2192		216020		1697
246		2192		216756		1697
247		2191		217493		1698
248		2191		218227		1698
249		2191		218961		1698
250		2191		219695		1698
251		2191		220429		1698
252		2191		221163		1698
253		2191		221897		1698
254		2191		222631		1698
255		2191		223365		1698
256		2191		224099		1698
257		2191		224833		1698
258		2190		225566		1696
259		2190		226298		1696
260		2190		227030		1696
261		2190		227762		1696
262		2189		228493		1698
263		2189		229223		1698
264		2189		229953		1698
265		2189		230683		1698
266		2188		231412		1696
267		2188		232140		1696
268		2188		232868		1696
269		2188		233596		1696
270		2188		234324		1696
271		2188		235052		1696
272		2188		235780		1696
273		2188		236508		1696
274		2188		237236		1696
275		2188		237964		1696
276		2188		238692		1696
277		2188		239420		1696
278		2188		240148		1696
279		2188		240876		1696
280		2188		241604		1696
281		2188		242332		1696
282		2187		243059		1698
283		2187		243785		1698
284		2187		244511		1698
285		2187		245237		1698
286		2186		245962		1698
287		2186		246686		1698
288		2186		247410		1698
289		2185		248133		1700
290		2185		248855		1700
291		2185		249577		1700
292		2185		250299		1700
293		2185		251021		1700
294		2185		251743		1700
295		2185		252465		1700
296		2185		253187		1700
297		2185		253909		1700
298		2185		254631		1700
299		2185		255353		1700
300		2185		256075		1700
301		2184		256796		1700
302		2184		257516		1700
303		2184		258236		1700
304		2184		258956		1700
305		2184		259676		1700
306		2183		260397		1700
307		2183		261115		1700
308		2182		261834		1700
309		2182		262550		1700
310		2181		263267		1702
311		2181		263981		1702
312		2181		264695		1702
313		2181		265409		1702
314		2181		266123		1702
315		2180		266836		1701
316		2179		267547		1703
317		2179		268257		1703
318		2179		268967		1703
319		2179		269677		1703
320		2179		270387		1703
321		2179		271097		1703
322		2179		271807		1703
323		2179		272517		1703
324		2179		273227		1703
325		2179		273937		1703
326		2179		274647		1703
327		2179		275357		1703
328		2179		276067		1703
329		2179		276777		1703
330		2179		277487		1703
331		2179		278197		1703
332		2179		278907		1703
333		2178		279616		1702
334		2178		280324		1702
335		2177		281033		1703
336		2177		281739		1703
337		2177		282445		1703
338		2177		283151		1703
339		2177		283857		1703
340		2177		284563		1703
341		2177		285269		1703
342		2177		285975		1703
343		2176		286680		1702
344		2176		287384		1702
345		2175		288087		1704
346		2175		288789		1704
347		2175		289491		1704
348		2175		290193		1704
349		2175		290895		1704
350		2175		291597		1704
351		2175		292299		1704
352		2174		293000		1703
353		2174		293700		1703
354		2174		294400		1703
355		2174		295100		1703
356		2174		295800		1703
357		2174		296500		1703
358		2174		297200		1703
359		2174		297900		1703
360		2174		298600		1703
361		2174		299300		1703
362		2174		300000		1703
363		2174		300700		1703
364		2173		301399		1704
365		2173		302097		1704
366		2173		302795		1704
367		2173		303493		1704
368		2172		304190		1703
369		2172		304886		1703
370		2172		305582		1703
371		2172		306278		1703
372		2172		306974		1703
373		2172		307670		1703
374		2172		308366		1703
375		2171		309063		1704
376		2171		309757		1704
377		2171		310451		1704
378		2171		311145		1704
379		2171		311839		1704
380		2170		312532		1704
381		2169		313223		1705
382		2169		313913		1705
383		2169		314603		1705
384		2169		315293		1705
385		2169		315983		1705
386		2169		316673		1705
387		2169		317363		1705
388		2169		318053		1705
389		2169		318743		1705
390		2169		319433		1705
391		2169		320123		1705
392		2169		320813		1705
393		2169		321503		1705
394		2169		322193		1705
395		2169		322883		1705
396		2169		323573		1705
397		2169		324263		1705
398		2169		324953		1705
399		2169		325643		1705
400		2169		326333		1705
401		2169		327023		1705
402		2169		327713		1705
403		2169		328403		1705
404		2169		329093		1705
405		2169		329783		1705
406		2169		330473		1705
407		2169		331163		1705
408		2169		331853		1705
409		2168		332542		1705
410		2168		333230		1705
411		2168		333918		1705
412		2168		334606		1705
413		2168		335294		1705
414		2168		335982		1705
415		2168		336670		1705
416		2168		337358		1705
417		2167		338045		1706
418		2167		338731		1706
419		2166		339416		1706
420		2166		340100		1706
421		2166		340784		1706
422		2166		341468		1706
423		2166		342152		1706
424		2166		342836		1706
425		2166		343520		1706
426		2166		344204		1706
427		2165		344887		1706
428		2165		345569		1706
429		2165		346251		1706
430		2165		346933		1706
431		2165		347615		1706
432		2165		348297		1706
433		2165		348979		1706
434		2165		349661		1706
435		2165		350343		1706
436		2165		351025		1706
437		2165		351707		1706
438		2165		352389		1706
439		2165		353071		1706
440		2165		353753		1706
441		2165		354435		1706
442		2165		355117		1706
443		2165		355799		1706
444		2165		356481		1706
445		2165		357163		1706
446		2165		357845		1706
447		2165		358527		1706
448		2165		359209		1706
449		2165		359891		1706
450		2165		360573		1706
451		2165		361255		1706
452		2164		361936		1705
453		2164		362616		1705
454		2163		363295		1706
455		2163		363973		1706
456		2163		364651		1706
457		2163		365329		1706
458		2163		366007		1706
459		2163		366685		1706
460		2162		367362		1706
461		2161		368037		1708
462		2161		368711		1708
463		2161		369385		1708
464		2161		370059		1708
465		2160		370734		1707
466		2160		371406		1707
467		2160		372078		1707
468		2160		372750		1707
469		2160		373422		1707
470		2160		374094		1707
471		2160		374766		1707
472		2160		375438		1707
473		2160		376110		1707
474		2160		376782		1707
475		2159		377453		1709
476		2159		378123		1709
477		2159		378793		1709
478		2159		379463		1709
479		2158		380132		1708
480		2158		380800		1708
481		2157		381467		1709
482		2157		382133		1709
483		2157		382799		1709
484		2157		383465		1709
485		2157		384131		1709
486		2157		384797		1709
487		2157		385463		1709
488		2157		386129		1709
489		2157		386795		1709
490		2157		387461		1709
491		2157		388127		1709
492		2157		388793		1709
493		2157		389459		1709
494		2157		390125		1709
495		2156		390790		1709
496		2156		391454		1709
497		2156		392118		1709
498		2156		392782		1709
499		2156		393446		1709
500		2156		394110		1709
501		2156		394774		1709
502		2156		395438		1709
503		2156		396102		1709
504		2156		396766		1709
505		2155		397429		1710
506		2155		398091		1710
507		2155		398753		1710
508		2155		399415		1710
509		2328		400316		1734
510		2435		401416		1753
511		2461		402579		1770
512		2484		403782		1770
513		2502		405007		1775
514		2503		406226		1759
515		2495		407454		1768
516		2492		408666		1760
517		2498		409893		1774
518		2497		411108		1770
519		2492		412324		1769
520		2484		413539		1763
521		2462		414730		1763
522		2450		415906		1765
523		2444		417082		1768
524		2439		418259		1769
525		2427		419423		1769
526		2419		420566		1776
527		2414		421707		1772
528		2417		422845		1775
529		2409		423971		1775
530		2409		425092		1776
531		2405		426206		1779
532		2403		427316		1774
533		2395		428421		1779
534		2394		429529		1771
535		2380		430628		1772
536		2377		431715		1770
537		2373		432797		1776
538		2373		433879		1775
539		2371		434960		1775
540		2369		436044		1770
541		2368		437121		1771
542		2368		438202		1773
543		2362		439277		1775
544		2361		440346		1771
545		2360		441417		1773
546		2357		442488		1773
547		2355		443554		1774
548		2354		444621		1773
549		2352		445682		1775
550		2350		446740		1774
551		2350		447797		1774
552		2349		448854		1773
553		2348		449908		1773
554		2347		450959		1772
555		2344		452006		1774
556		2343		453049		1774
557		2340		454094		1776
558		2342		455138		1775
559		2359		456184		1777
560		2344		457218		1777
561		2337		458246		1778
562		2332		459262		1779
563		2330		460273		1778
564		2328		461281		1776
565		2327		462285		1780
566		2322		463290		1777
567		2317		464287		1777
568		2316		465276		1776
569		2314		466264		1776
570		2311		467250		1773
571		2307		468232		1773
572		2309		469210		1773
573		2305		470184		1775
574		2305		471157		1774
575		2305		472126		1775
576		2304		473096		1777
577		2301		474065		1777
578		2300		475032		1778
579		2298		475995		1778
580		2299		476957		1779
581		2297		477920		1783
582		2296		478879		1781
583		2293		479832		1780
584		2293		480783		1780
585		2293		481732		1780
586		2293		482683		1780
587		2291		483631		1779
588		2289		484576		1778
589		2289		485522		1777
590		2287		486463		1778
591		2285		487402		1780
592		2285		488337		1780
593		2285		489272		1780
594		2285		490207		1780
595		2284		491141		1782
596		2284		492076		1780
597		2283		493009		1779
598		2281		493939		1779
599		2281		494867		1779
600		2278		495793		1779
601		2276		496717		1778
602		2274		497636		1778
603		2275		498555		1779
604		2273		499475		1778
605		2271		500389		1781
606		2271		501301		1779
607		2268		502209		1781
608		2266		503114		1778
609		2265		504014		1777
610		2265		504913		1775
611		2263		505814		1776
612		2260		506710		1776
613		2258		507600		1775
614		2258		508488		1774
615		2256		509372		1774
616		2256		510256		1771
617		2256		511137		1776
618		2254		512016		1773
619		2254		512893		1775
620		2252		513770		1775
621		2254		514648		1776
622		2253		515524		1776
623		2252		516399		1776
624		2250		517271		1772
625		2248		518143		1771
626		2248		519013		1771
627		2248		519882		1772
628		2247		520750		1771
629		2246		521618		1772
630		2245		522484		1771
631		2245		523349		1772
632		2247		524217		1772
633		2247		525087		1773
634		2247		525956		1772
635		2245		526823		1774
636		2246		527689		1773
637		2246		528554		1774
638		2246		529419		1773
639		2246		530284		1774
640		2246		531149		1773
641		2246		532014		1774
642		2246		532879		1773
643		2244		533744		1774
644		2243		534606		1773
645		2243		535468		1772
646		2241		536326		1770
647		2241		537181		1771
648		2240		538035		1770
649		2240		538888		1771
650		2239		539740		1771
651		2239		540591		1772
652		2239		541442		1771
653		2239		542293		1772
654		2239		543144		1771
655		2238		543996		1773
656		2238		544847		1771
657		2240		545700		1773
658		2241		546554		1771
659		2242		547408		1774
660		2240		548261		1770
661		2242		549116		1773
662		2241		549973		1769
663		2240		550828		1770
664		2241		551685		1770
665		2240		552538		1772
666		2240		553389		1771
667		2240		554240		1772
668		2240		555089		1770
669		2238		555938		1772
670		2238		556785		1771
671		2238		557632		1772
672		2237		558478		1771
673		2237		559322		1773
674		2237		560166		1773
675		2235		561008		1774
676		2234		561849		1773
677		2233		562688		1772
678		2232		563525		1774
679		2231		564360		1773
680		2230		565193		1774
681		2229		566024		1774
682		2228		566853		1774
683		2228		567681		1774
684		2227		568508		1774
685		2227		569334		1774
686		2226		570159		1773
687		2226		570983		1773
688		2225		571806		1774
689		2224		572627		1775
690		2223		573448		1774
691		2223		574268		1774
692		2223		575093		1772
693		2222		575910		1773
694		2222		576726		1773
695		2221		577543		1773
696		2220		578358		1773
697		2219		579171		1774
698		2219		579981		1774
699		2218		580792		1775
700		2217		581599		1774
701		2216		582406		1774
702		2217		583213		1776
703		2217		584019		1776
704		2216		584826		1775
705		2216		585632		1773
706		2216		586436		1773
707		2215		587239		1774
708		2212		588041		1772
709		2213		588840		1774
710		2213		589638		1774
711		2213		590436		1774
712		2213		591234		1774
713		2213		592032		1774
714		2211		592829		1773
715		2212		593626		1771
716		2212		594422		1771
717		2210		595217		1770
718		2208		596008		1770
719		2207		596797		1771
720		2207		597585		1771
721		2207		598373		1771
722		2207		599161		1771
723		2207		599949		1771
724		2207		600737		1771
725		2207		601525		1771
726		2207		602313		1771
727		2207		603101		1771
728		2206		603888		1769
729		2206		604677		1768
730		2206		605465		1768
731		2206		606253		1768
732		2206		607041		1768
733		2206		607829		1768
734		2206		608617		1768
735		2206		609405		1768
736		2206		610193		1768
737		2206		610981		1768
738		2205		611768		1769
739		2205		612554		1769
740		2205		613340		1769
741		2205		614127		1771
742		2205		614913		1771
743		2205		615699		1771
744		2204		616484		1769
745		2204		617268		1769
746		2204		618052		1769
747		2203		618835		1771
748		2203		619617		1771
749		2203		620399		1771
750		2203		621181		1771
751		2203		621963		1771
752		2203		622745		1771
753		2203		623527		1771
754		2203		624309		1771
755		2203		625091		1771
756		2203		625873		1771
757		2203		626655		1771
758		2203		627437		1771
759		2203		628219		1771
760		2203		629001		1771
761		2203		629783		1771
762		2203		630565		1771
763		2203		631347		1771
764		2203		632129		1771
765		2203		632911		1771
766		2203		633693		1771
767		2203		634475		1771
768		2203		635257		1771
769		2203		636039		1771
770		2203		636821		1771
771		2203		637603		1771
772		2203		638385		1771
773		2203		639167		1771
774		2202		639948		1771
775		2201		640729		1775
776		2201		641507		1775
777		2201		642285		1775
778		2201		643063		1775
779		2199		643839		1774
780		2199		644615		1774
781		2198		645390		1776
782		2197		646163		1775
783		2197		646935		1775
784		2197		647707		1775
785		2196		648478		1776
786		2196		649248		1776
787		2196		650018		1776
788		2196		650788		1776
789		2196		651558		1776
790		2196		652328		1776
791		2195		653097		1775
792		2195		653865		1775
793		2195		654633		1775
794		2195		655401		1775
795		2195		656169		1775
796		2195		656937		1775
797		2195		657705		1775
798		2195		658473		1775
799		2195		659241		1775
800		2195		660009		1775
801		2195		660777		1775
802		2195		661545		1775
803		2195		662313		1775
804		2195		663081		1775
805		2195		663849		1775
806		2195		664617		1775
807		2195		665385		1775
808		2195		666153		1775
809		2195		666921		1775
810		2195		667689		1775
811		2195		668457		1775
812		2194		669224		1776
813		2194		669990		1776
814		2194		670756		1776
815		2194		671522		1776
816		2194		672288		1776
817		2194		673054		1776
818		2194		673820		1776
819		2193		674585		1775
820		2193		675349		1775
821		2193		676113		1775
822		2193		676877		1775
823		2193		677641		1775
824		2193		678405		1775
825		2193		679169		1775
826		2193		679933		1775
827		2193		680697		1775
828		2192		681460		1776
829		2192		682222		1776
830		2191		682983		1774
831		2191		683743		1774
832		2191		684503		1774
833		2191		685263		1774
834		2191		686023		1774
835		2191		686783		1774
836		2190		687542		1776
837		2190		688300		1776
838		2190		689058		1776
839		2189		689815		1774
840		2189		690571		1774
841		2189		691327		1774
842		2188		692082		1774
843		2188		692836		1774
844		2188		693590		1774
845		2188		694344		1774
846		2188		695098		1774
847		2187		695851		1773
848		2187		696603		1773
849		2187		697355		1773
850		2187		698107		1773
851		2187		698859		1773
852		2187		699611		1773
853		2187		700363		1773
854		2187		701115		1773
855		2187		701867		1773
856		2187		702619		1773
857		2187		703371		1773
858		2187		704123		1773
859		2187		704875		1773
860		2187		705627		1773
861		2187		706379		1773
862		2187		707131		1773
863		2187		707883		1773
864		2186		708636		1773
865		2186		709386		1773
866		2186		710136		1773
867		2186		710886		1773
868		2186		711636		1773
869		2185		712385		1772
870		2185		713133		1772
871		2185		713881		1772
872		2185		714629		1772
873		2185		715377		1772
874		2185		716125		1772
875		2185		716873		1772
876		2184		717620		1773
877		2184		718366		1773
878		2184		719112		1773
879		2184		719858		1773
880		2184		720604		1773
881		2183		721349		1772
882		2183		722093		1772
883		2183		722837		1772
884		2183		723581		1772
885		2183		724325		1772
886		2183		725069		1772
887		2183		725813		1772
888		2183		726557		1772
889		2183		727301		1772
890		2183		728045		1772
891		2183		728789		1772
892		2183		729533		1772
893		2183		730277		1772
894		2183		731021		1772
895		2183		731765		1772
896		2183		732509		1772
897		2183		733253		1772
898		2183		733997		1772
899		2183		734741		1772
900		2183		735485		1772
901		2183		736229		1772
902		2183		736973		1772
903		2183		737717		1772
904		2183		738461		1772
905		2183		739205		1772
906		2183		739949		1772
907		2183		740693		1772
908		2183		741437		1772
909		2183		742181		1772
910		2183		742925		1772
911		2183		743669		1772
912		2183		744413		1772
913		2183		745157		1772
914		2183		745901		1772
915		2183		746645		1772
916		2183		747389		1772
917		2183		748133		1772
918		2183		748877		1772
919		2183		749621		1772
920		2183		750365		1772
921		2183		751109		1772
922		2183		751853		1772
923		2183		752597		1772
924		2183		753341		1772
925		2183		754085		1772
926		2183		754829		1772
927		2183		755573		1772
928		2183		756317		1772
929		2183		757061		1772
930		2183		757805		1772
931		2183		758549		1772
932		2183		759293		1772
933		2183		760037		1772
934		2183		760781		1772
935		2183		761525		1772
936		2183		762269		1772
937		2183		763013		1772
938		2183		763757		1772
939		2183		764501		1772
940		2183		765245		1772
941		2183		765989		1772
942		2183		766733		1772
943		2183		767477		1772
944		2183		768221		1772
945		2183		768965		1772
946		2183		769709		1772
947		2183		770453		1772
948		2183		771197		1772
949		2183		771941		1772
950		2183		772685		1772
951		2183		773429		1772
952		2183		774173		1772
953		2183		774917		1772
954		2183		775661		1772
955		2183		776405		1772
956		2183		777149		1772
957		2183		777893		1772
958		2183		778637		1772
959		2183		779381		1772
960		2183		780125		1772
961		2183		780869		1772
962		2183		781613		1772
963		2183		782357		1772
964		2183		783101		1772
965		2183		783845		1772
966		2183		784589		1772
967		2183		785333		1772
968		2183		786077		1772
969		2183		786821		1772
970		2183		787565		1772
971		2183		788309		1772
972		2183		789053		1772
973		2183		789797		1772
974		2183		790541		1772
975		2183		791285		1772
976		2183		792029		1772
977		2183		792773		1772
978		2182		793516		1772
979		2182		794258		1772
980		2182		795000		1772
981		2182		795742		1772
982		2181		796485		1772
983		2181		797229		1772
984		2181		797973		1772
985		2181		798717		1772
986		2181		799461		1772
987		2181		800205		1772
988		2181		800949		1772
989		2181		801693		1772
990		2181		802437		1772
991		2181		803181		1772
992		2181		803925		1772
993		2181		804669		1772
994		2181		805413		1772
995		2181		806157		1772
996		2181		806901		1772
997		2181		807645		1772
998		2181		808389		1772
999		2180		809132		1772
