# Migration is number of nodes that have changed color.

Round		Edge-Cut		Swaps		Migrations		Skipped
0		87728		2168		2144
1		60907		3362		2048
2		50238		4029		2041
3		46250		4394		2028
4		44169		4648		2026
5		43403		4825		2023
6		42801		4955		2021
7		42462		5030		2016
8		42263		5097		2019
9		42097		5150		2017
10		41921		5192		2012
11		41880		5228		2025
12		41769		5263		2026
13		41667		5287		2027
14		41606		5305		2028
15		41590		5327		2025
16		41576		5342		2027
17		41569		5354		2029
18		41531		5365		2025
19		41530		5373		2021
20		41512		5382		2018
21		41500		5389		2019
22		41469		5394		2019
23		41451		5400		2019
24		41456		5405		2018
25		41441		5412		2023
26		41441		5417		2025
27		41443		5421		2024
28		41435		5427		2026
29		41429		5433		2024
30		41427		5435		2024
31		41427		5438		2023
32		41440		5440		2022
33		41395		5447		2019
34		41381		5459		2016
35		41383		5465		2016
36		41382		5468		2018
37		41381		5469		2018
38		41382		5471		2018
39		41382		5474		2020
40		41377		5476		2022
41		41383		5481		2023
42		41389		5485		2023
43		41382		5494		2023
44		41381		5497		2020
45		41378		5498		2019
46		41375		5499		2019
47		41371		5500		2018
48		41371		5500		2018
49		41387		5507		2016
50		41351		5515		2014
51		41351		5518		2017
52		41322		5522		2020
53		41328		5524		2020
54		41323		5527		2018
55		41320		5530		2019
56		41318		5531		2020
57		41317		5533		2019
58		41316		5534		2018
59		41317		5535		2018
60		41310		5541		2018
61		41309		5543		2019
62		41306		5545		2020
63		41317		5547		2020
64		41317		5547		2020
65		41317		5548		2020
66		41317		5548		2020
67		41318		5550		2019
68		41319		5554		2021
69		41319		5554		2021
70		41336		5555		2021
71		41335		5556		2023
72		41335		5556		2023
73		41325		5558		2022
74		41304		5559		2020
75		41304		5559		2020
76		41302		5560		2021
77		41302		5560		2021
78		41302		5560		2021
79		41302		5560		2021
80		41302		5560		2021
81		41302		5560		2021
82		41302		5560		2021
83		41302		5560		2021
84		41302		5560		2021
85		41302		5560		2021
86		41302		5560		2021
87		41301		5561		2021
88		41301		5561		2021
89		41301		5561		2021
90		41301		5561		2021
91		41301		5561		2021
92		41301		5561		2021
93		41301		5561		2021
94		41301		5561		2021
95		41300		5562		2020
96		41300		5562		2020
97		41300		5562		2020
98		41300		5562		2020
99		41300		5562		2020
100		41312		5564		2019
101		41312		5564		2019
102		41312		5564		2019
103		41312		5564		2019
104		41312		5564		2019
105		41312		5564		2019
106		41312		5564		2019
107		41312		5564		2019
108		41312		5564		2019
109		41312		5564		2019
110		41312		5564		2019
111		41312		5564		2019
112		41312		5564		2019
113		41312		5564		2019
114		41312		5564		2019
115		41312		5564		2019
116		41312		5564		2019
117		41311		5565		2020
118		41311		5565		2020
119		41311		5565		2020
120		41310		5566		2019
121		41310		5566		2019
122		41310		5566		2019
123		41310		5566		2019
124		41310		5566		2019
125		41310		5566		2019
126		41310		5566		2019
127		41310		5566		2019
128		41310		5566		2019
129		41310		5566		2019
130		41310		5566		2019
131		41307		5567		2018
132		41315		5569		2019
133		41315		5569		2019
134		41296		5572		2018
135		41292		5574		2019
136		41297		5575		2019
137		41297		5577		2019
138		41298		5578		2019
139		41291		5580		2019
140		41292		5584		2020
141		41292		5584		2020
142		41292		5584		2020
143		41292		5584		2020
144		41287		5585		2022
145		41287		5585		2022
146		41287		5585		2022
147		41287		5585		2022
148		41287		5585		2022
149		41287		5585		2022
150		41287		5585		2022
151		41287		5585		2022
152		41287		5585		2022
153		41287		5585		2022
154		41287		5585		2022
155		41287		5585		2022
156		41287		5585		2022
157		41287		5585		2022
158		41287		5585		2022
159		41287		5585		2022
160		41287		5585		2022
161		41287		5585		2022
162		41287		5585		2022
163		41287		5585		2022
164		41285		5586		2023
165		41285		5586		2023
166		41289		5587		2021
167		41289		5587		2021
168		41289		5587		2021
169		41289		5587		2021
170		41297		5589		2023
171		41289		5593		2022
172		41289		5593		2022
173		41295		5595		2021
174		41290		5601		2020
175		41290		5604		2021
176		41292		5608		2022
177		41290		5610		2020
178		41290		5610		2020
179		41290		5610		2020
180		41289		5611		2021
181		41289		5611		2021
182		41289		5611		2021
183		41289		5611		2021
184		41289		5611		2021
185		41289		5611		2021
186		41289		5611		2021
187		41287		5612		2021
188		41287		5612		2021
189		41287		5612		2021
190		41287		5612		2021
191		41287		5612		2021
192		41287		5612		2021
193		41287		5612		2021
194		41287		5612		2021
195		41290		5614		2021
196		41289		5615		2022
197		41293		5617		2023
198		41294		5618		2022
199		41291		5620		2023
200		41292		5621		2022
201		41308		5624		2025
202		41308		5624		2025
203		41309		5625		2025
204		41309		5625		2025
205		41309		5625		2025
206		41309		5625		2025
207		41309		5625		2025
208		41309		5625		2025
209		41309		5625		2025
210		41309		5625		2025
211		41309		5625		2025
212		41309		5625		2025
213		41315		5626		2024
214		41315		5626		2024
215		41315		5626		2024
216		41315		5626		2024
217		41315		5626		2024
218		41315		5626		2024
219		41315		5626		2024
220		41315		5626		2024
221		41322		5628		2024
222		41322		5628		2024
223		41321		5629		2024
224		41320		5631		2025
225		41320		5631		2025
226		41320		5631		2025
227		41320		5631		2025
228		41320		5631		2025
229		41320		5631		2025
230		41320		5631		2025
231		41320		5631		2025
232		41320		5631		2025
233		41320		5631		2025
234		41320		5631		2025
235		41320		5631		2025
236		41320		5631		2025
237		41320		5631		2025
238		41325		5632		2025
239		41325		5632		2025
240		41325		5632		2025
241		41325		5632		2025
242		41325		5632		2025
243		41325		5632		2025
244		41325		5632		2025
245		41325		5632		2025
246		41325		5632		2025
247		41325		5632		2025
248		41325		5632		2025
249		41325		5632		2025
250		41325		5632		2025
251		41329		5633		2024
252		41329		5633		2024
253		41327		5634		2024
254		41327		5634		2024
255		41327		5634		2024
256		41327		5634		2024
257		41327		5634		2024
258		41327		5634		2024
259		41327		5634		2024
260		41327		5634		2024
261		41327		5634		2024
262		41327		5634		2024
263		41327		5634		2024
264		41327		5634		2024
265		41327		5634		2024
266		41327		5634		2024
267		41327		5634		2024
268		41327		5634		2024
269		41327		5634		2024
270		41325		5635		2023
271		41325		5635		2023
272		41325		5635		2023
273		41325		5635		2023
274		41325		5635		2023
275		41325		5635		2023
276		41325		5635		2023
277		41325		5635		2023
278		41325		5635		2023
279		41325		5635		2023
280		41325		5635		2023
281		41325		5635		2023
282		41325		5635		2023
283		41325		5635		2023
284		41325		5635		2023
285		41325		5635		2023
286		41325		5635		2023
287		41325		5635		2023
288		41325		5635		2023
289		41325		5635		2023
290		41325		5635		2023
291		41325		5635		2023
292		41325		5635		2023
293		41325		5635		2023
294		41325		5635		2023
295		41325		5635		2023
296		41325		5635		2023
297		41325		5635		2023
298		41325		5635		2023
299		41325		5635		2023
300		41325		5635		2023
301		41325		5635		2023
302		41325		5635		2023
303		41325		5635		2023
304		41325		5635		2023
305		41325		5635		2023
306		41325		5635		2023
307		41325		5635		2023
308		41325		5635		2023
309		41325		5635		2023
310		41325		5635		2023
311		41325		5635		2023
312		41325		5635		2023
313		41325		5635		2023
314		41325		5635		2023
315		41325		5635		2023
316		41325		5635		2023
317		41325		5635		2023
318		41325		5635		2023
319		41325		5635		2023
320		41325		5635		2023
321		41325		5635		2023
322		41325		5635		2023
323		41325		5635		2023
324		41325		5635		2023
325		41325		5635		2023
326		41325		5635		2023
327		41325		5635		2023
328		41325		5635		2023
329		41325		5635		2023
330		41325		5635		2023
331		41325		5635		2023
332		41325		5635		2023
333		41325		5635		2023
334		41325		5635		2023
335		41325		5635		2023
336		41325		5635		2023
337		41325		5635		2023
338		41325		5635		2023
339		41325		5635		2023
340		41325		5635		2023
341		41325		5635		2023
342		41325		5635		2023
343		41325		5635		2023
344		41325		5635		2023
345		41325		5635		2023
346		41325		5635		2023
347		41325		5635		2023
348		41325		5635		2023
349		41325		5635		2023
350		41325		5635		2023
351		41325		5635		2023
352		41325		5635		2023
353		41325		5635		2023
354		41325		5635		2023
355		41325		5635		2023
356		41325		5635		2023
357		41325		5635		2023
358		41325		5635		2023
359		41325		5635		2023
360		41325		5635		2023
361		41325		5635		2023
362		41325		5635		2023
363		41325		5635		2023
364		41320		5636		2024
365		41320		5636		2024
366		41320		5636		2024
367		41320		5636		2024
368		41320		5636		2024
369		41320		5636		2024
370		41320		5636		2024
371		41320		5636		2024
372		41320		5636		2024
373		41320		5636		2024
374		41320		5636		2024
375		41320		5636		2024
376		41320		5636		2024
377		41320		5636		2024
378		41320		5636		2024
379		41320		5636		2024
380		41320		5636		2024
381		41320		5636		2024
382		41320		5636		2024
383		41320		5636		2024
384		41320		5636		2024
385		41320		5636		2024
386		41320		5636		2024
387		41320		5636		2024
388		41320		5636		2024
389		41320		5636		2024
390		41320		5636		2024
391		41320		5636		2024
392		41320		5636		2024
393		41320		5636		2024
394		41320		5636		2024
395		41320		5636		2024
396		41320		5636		2024
397		41320		5636		2024
398		41320		5636		2024
399		41320		5636		2024
400		41320		5636		2024
401		41320		5636		2024
402		41320		5636		2024
403		41320		5636		2024
404		41320		5636		2024
405		41320		5636		2024
406		41320		5636		2024
407		41320		5636		2024
408		41320		5636		2024
409		41320		5636		2024
410		41320		5636		2024
411		41320		5636		2024
412		41320		5636		2024
413		41320		5636		2024
414		41320		5636		2024
415		41320		5636		2024
416		41320		5636		2024
417		41320		5636		2024
418		41320		5636		2024
419		41320		5636		2024
420		41320		5636		2024
421		41320		5636		2024
422		41320		5636		2024
423		41320		5636		2024
424		41320		5636		2024
425		41320		5636		2024
426		41320		5636		2024
427		41320		5636		2024
428		41320		5636		2024
429		41320		5636		2024
430		41320		5636		2024
431		41320		5636		2024
432		41320		5636		2024
433		41320		5636		2024
434		41320		5636		2024
435		41320		5636		2024
436		41320		5636		2024
437		41320		5636		2024
438		41320		5636		2024
439		41320		5636		2024
440		41320		5636		2024
441		41320		5636		2024
442		41320		5636		2024
443		41320		5636		2024
444		41320		5636		2024
445		41320		5636		2024
446		41320		5636		2024
447		41320		5636		2024
448		41320		5636		2024
449		41320		5636		2024
450		41320		5636		2024
451		41320		5636		2024
452		41320		5636		2024
453		41320		5636		2024
454		41320		5636		2024
455		41320		5636		2024
456		41320		5636		2024
457		41320		5636		2024
458		41320		5636		2024
459		41320		5636		2024
460		41320		5636		2024
461		41320		5636		2024
462		41320		5636		2024
463		41320		5636		2024
464		41320		5636		2024
465		41320		5636		2024
466		41320		5636		2024
467		41320		5636		2024
468		41320		5636		2024
469		41320		5636		2024
470		41320		5636		2024
471		41320		5636		2024
472		41320		5636		2024
473		41320		5636		2024
474		41320		5636		2024
475		41320		5636		2024
476		41320		5636		2024
477		41320		5636		2024
478		41320		5636		2024
479		41320		5636		2024
480		41320		5636		2024
481		41320		5636		2024
482		41320		5636		2024
483		41320		5636		2024
484		41320		5636		2024
485		41320		5636		2024
486		41320		5636		2024
487		41320		5636		2024
488		41320		5636		2024
489		41320		5636		2024
490		41320		5636		2024
491		41320		5636		2024
492		41320		5636		2024
493		41320		5636		2024
494		41320		5636		2024
495		41320		5636		2024
496		41320		5636		2024
497		41320		5636		2024
498		41320		5636		2024
499		41320		5636		2024
500		41320		5636		2024
501		41320		5636		2024
502		41320		5636		2024
503		41320		5636		2024
504		41320		5636		2024
505		41320		5636		2024
506		41320		5636		2024
507		41320		5636		2024
508		41320		5636		2024
509		41350		5661		2032
510		41357		5689		2028
511		41360		5718		2020
512		41372		5741		2023
513		41368		5771		2024
514		41365		5799		2023
515		41363		5821		2027
516		41359		5845		2029
517		41364		5862		2032
518		41362		5879		2028
519		41354		5895		2026
520		41351		5906		2024
521		41348		5909		2025
522		41345		5913		2022
523		41343		5915		2023
524		41339		5920		2025
525		41331		5924		2024
526		41330		5927		2024
527		41328		5929		2022
528		41328		5929		2022
529		41328		5931		2022
530		41327		5932		2021
531		41325		5934		2022
532		41324		5935		2023
533		41326		5936		2023
534		41326		5936		2023
535		41326		5936		2023
536		41326		5936		2023
537		41324		5938		2024
538		41324		5938		2024
539		41324		5938		2024
540		41324		5938		2024
541		41324		5938		2024
542		41324		5938		2024
543		41324		5938		2024
544		41324		5938		2024
545		41324		5938		2024
546		41323		5939		2024
547		41323		5939		2024
548		41323		5939		2024
549		41323		5939		2024
550		41323		5939		2024
551		41322		5940		2025
552		41322		5940		2025
553		41322		5940		2025
554		41322		5940		2025
555		41322		5940		2025
556		41323		5941		2025
557		41323		5941		2025
558		41323		5941		2025
559		41323		5941		2025
560		41323		5941		2025
561		41323		5941		2025
562		41323		5941		2025
563		41323		5941		2025
564		41323		5941		2025
565		41323		5941		2025
566		41323		5941		2025
567		41323		5941		2025
568		41323		5941		2025
569		41323		5941		2025
570		41323		5941		2025
571		41323		5941		2025
572		41323		5941		2025
573		41323		5941		2025
574		41323		5941		2025
575		41323		5941		2025
576		41323		5941		2025
577		41323		5941		2025
578		41323		5941		2025
579		41323		5941		2025
580		41323		5941		2025
581		41323		5941		2025
582		41323		5941		2025
583		41323		5941		2025
584		41323		5941		2025
585		41323		5941		2025
586		41323		5941		2025
587		41323		5941		2025
588		41323		5941		2025
589		41325		5942		2024
590		41325		5942		2024
591		41325		5942		2024
592		41325		5942		2024
593		41325		5942		2024
594		41325		5942		2024
595		41325		5942		2024
596		41325		5942		2024
597		41325		5942		2024
598		41325		5942		2024
599		41325		5942		2024
600		41325		5942		2024
601		41325		5942		2024
602		41325		5942		2024
603		41325		5942		2024
604		41325		5942		2024
605		41325		5942		2024
606		41325		5942		2024
607		41325		5942		2024
608		41325		5942		2024
609		41325		5942		2024
610		41325		5942		2024
611		41325		5942		2024
612		41325		5942		2024
613		41325		5942		2024
614		41325		5942		2024
615		41325		5942		2024
616		41325		5942		2024
617		41325		5942		2024
618		41325		5942		2024
619		41325		5942		2024
620		41325		5942		2024
621		41325		5942		2024
622		41325		5942		2024
623		41325		5942		2024
624		41325		5942		2024
625		41325		5942		2024
626		41325		5942		2024
627		41325		5942		2024
628		41325		5942		2024
629		41325		5942		2024
630		41325		5942		2024
631		41325		5942		2024
632		41325		5942		2024
633		41325		5942		2024
634		41325		5942		2024
635		41325		5942		2024
636		41325		5942		2024
637		41325		5942		2024
638		41325		5942		2024
639		41325		5942		2024
640		41325		5942		2024
641		41325		5942		2024
642		41325		5942		2024
643		41325		5942		2024
644		41325		5942		2024
645		41325		5942		2024
646		41325		5942		2024
647		41325		5942		2024
648		41325		5942		2024
649		41325		5942		2024
650		41325		5942		2024
651		41325		5942		2024
652		41325		5942		2024
653		41325		5942		2024
654		41325		5942		2024
655		41325		5942		2024
656		41325		5942		2024
657		41325		5942		2024
658		41325		5942		2024
659		41325		5942		2024
660		41325		5942		2024
661		41325		5942		2024
662		41325		5942		2024
663		41325		5942		2024
664		41325		5942		2024
665		41325		5942		2024
666		41325		5942		2024
667		41325		5942		2024
668		41325		5942		2024
669		41325		5942		2024
670		41325		5942		2024
671		41325		5942		2024
672		41325		5942		2024
673		41325		5942		2024
674		41325		5942		2024
675		41325		5942		2024
676		41325		5942		2024
677		41325		5942		2024
678		41325		5942		2024
679		41325		5942		2024
680		41325		5942		2024
681		41325		5942		2024
682		41325		5942		2024
683		41325		5942		2024
684		41325		5942		2024
685		41325		5942		2024
686		41325		5942		2024
687		41325		5942		2024
688		41325		5942		2024
689		41325		5942		2024
690		41325		5942		2024
691		41325		5942		2024
692		41325		5942		2024
693		41325		5942		2024
694		41325		5942		2024
695		41325		5942		2024
696		41325		5942		2024
697		41325		5942		2024
698		41325		5942		2024
699		41325		5942		2024
700		41325		5942		2024
701		41325		5942		2024
702		41325		5942		2024
703		41325		5942		2024
704		41325		5942		2024
705		41325		5942		2024
706		41325		5942		2024
707		41325		5942		2024
708		41325		5942		2024
709		41325		5942		2024
710		41325		5942		2024
711		41325		5942		2024
712		41325		5942		2024
713		41325		5942		2024
714		41325		5942		2024
715		41325		5942		2024
716		41325		5942		2024
717		41325		5942		2024
718		41325		5942		2024
719		41325		5942		2024
720		41325		5942		2024
721		41325		5942		2024
722		41325		5942		2024
723		41325		5942		2024
724		41325		5942		2024
725		41325		5942		2024
726		41325		5942		2024
727		41325		5942		2024
728		41325		5942		2024
729		41325		5942		2024
730		41325		5942		2024
731		41325		5942		2024
732		41325		5942		2024
733		41325		5942		2024
734		41325		5942		2024
735		41325		5942		2024
736		41325		5942		2024
737		41325		5942		2024
738		41322		5943		2025
739		41322		5943		2025
740		41322		5943		2025
741		41322		5943		2025
742		41322		5943		2025
743		41322		5943		2025
744		41322		5943		2025
745		41322		5943		2025
746		41322		5943		2025
747		41322		5943		2025
748		41322		5943		2025
749		41322		5943		2025
750		41322		5943		2025
751		41322		5943		2025
752		41322		5943		2025
753		41322		5943		2025
754		41322		5943		2025
755		41322		5943		2025
756		41322		5943		2025
757		41322		5943		2025
758		41322		5943		2025
759		41322		5943		2025
760		41322		5943		2025
761		41322		5943		2025
762		41322		5943		2025
763		41322		5943		2025
764		41322		5943		2025
765		41322		5943		2025
766		41320		5944		2026
767		41320		5944		2026
768		41320		5944		2026
769		41320		5944		2026
770		41320		5944		2026
771		41320		5944		2026
772		41320		5944		2026
773		41320		5944		2026
774		41320		5944		2026
775		41320		5944		2026
776		41320		5944		2026
777		41320		5944		2026
778		41320		5944		2026
779		41320		5944		2026
780		41320		5944		2026
781		41320		5944		2026
782		41320		5944		2026
783		41320		5944		2026
784		41320		5944		2026
785		41320		5944		2026
786		41320		5944		2026
787		41320		5944		2026
788		41320		5944		2026
789		41320		5944		2026
790		41320		5944		2026
791		41320		5944		2026
792		41320		5944		2026
793		41320		5944		2026
794		41320		5944		2026
795		41320		5944		2026
796		41320		5944		2026
797		41320		5944		2026
798		41320		5944		2026
799		41320		5944		2026
800		41320		5944		2026
801		41320		5944		2026
802		41320		5944		2026
803		41320		5944		2026
804		41320		5944		2026
805		41320		5944		2026
806		41320		5944		2026
807		41320		5944		2026
808		41320		5944		2026
809		41320		5944		2026
810		41320		5944		2026
811		41320		5944		2026
812		41320		5944		2026
813		41320		5944		2026
814		41320		5944		2026
815		41320		5944		2026
816		41320		5944		2026
817		41320		5944		2026
818		41320		5944		2026
819		41320		5944		2026
820		41320		5944		2026
821		41320		5944		2026
822		41320		5944		2026
823		41320		5944		2026
824		41320		5944		2026
825		41320		5944		2026
826		41320		5944		2026
827		41320		5944		2026
828		41320		5944		2026
829		41320		5944		2026
830		41320		5944		2026
831		41320		5944		2026
832		41320		5944		2026
833		41320		5944		2026
834		41320		5944		2026
835		41320		5944		2026
836		41320		5944		2026
837		41320		5944		2026
838		41320		5944		2026
839		41320		5944		2026
840		41320		5944		2026
841		41320		5944		2026
842		41320		5944		2026
843		41320		5944		2026
844		41320		5944		2026
845		41320		5944		2026
846		41320		5944		2026
847		41320		5944		2026
848		41320		5944		2026
849		41320		5944		2026
850		41320		5944		2026
851		41320		5944		2026
852		41320		5944		2026
853		41320		5944		2026
854		41320		5944		2026
855		41320		5944		2026
856		41320		5944		2026
857		41320		5944		2026
858		41320		5944		2026
859		41320		5944		2026
860		41320		5944		2026
861		41320		5944		2026
862		41320		5944		2026
863		41320		5944		2026
864		41320		5944		2026
865		41320		5944		2026
866		41320		5944		2026
867		41320		5944		2026
868		41320		5944		2026
869		41320		5944		2026
870		41320		5944		2026
871		41320		5944		2026
872		41320		5944		2026
873		41320		5944		2026
874		41320		5944		2026
875		41320		5944		2026
876		41320		5944		2026
877		41320		5944		2026
878		41320		5944		2026
879		41320		5944		2026
880		41320		5944		2026
881		41320		5944		2026
882		41320		5944		2026
883		41320		5944		2026
884		41320		5944		2026
885		41320		5944		2026
886		41320		5944		2026
887		41320		5944		2026
888		41320		5944		2026
889		41320		5944		2026
890		41320		5944		2026
891		41320		5944		2026
892		41320		5944		2026
893		41320		5944		2026
894		41320		5944		2026
895		41320		5944		2026
896		41320		5944		2026
897		41320		5944		2026
898		41320		5944		2026
899		41320		5944		2026
900		41320		5944		2026
901		41320		5944		2026
902		41320		5944		2026
903		41320		5944		2026
904		41320		5944		2026
905		41320		5944		2026
906		41320		5944		2026
907		41320		5944		2026
908		41320		5944		2026
909		41320		5944		2026
910		41320		5944		2026
911		41320		5944		2026
912		41320		5944		2026
913		41320		5944		2026
914		41320		5944		2026
915		41320		5944		2026
916		41320		5944		2026
917		41320		5944		2026
918		41320		5944		2026
919		41320		5944		2026
920		41320		5944		2026
921		41320		5944		2026
922		41320		5944		2026
923		41320		5944		2026
924		41320		5944		2026
925		41320		5944		2026
926		41320		5944		2026
927		41320		5944		2026
928		41320		5944		2026
929		41320		5944		2026
930		41320		5944		2026
931		41320		5944		2026
932		41320		5944		2026
933		41320		5944		2026
934		41320		5944		2026
935		41320		5944		2026
936		41320		5944		2026
937		41320		5944		2026
938		41320		5944		2026
939		41320		5944		2026
940		41320		5944		2026
941		41320		5944		2026
942		41320		5944		2026
943		41320		5944		2026
944		41320		5944		2026
945		41320		5944		2026
946		41320		5944		2026
947		41320		5944		2026
948		41320		5944		2026
949		41320		5944		2026
950		41320		5944		2026
951		41320		5944		2026
952		41320		5944		2026
953		41320		5944		2026
954		41320		5944		2026
955		41320		5944		2026
956		41320		5944		2026
957		41320		5944		2026
958		41320		5944		2026
959		41320		5944		2026
960		41320		5944		2026
961		41320		5944		2026
962		41320		5944		2026
963		41320		5944		2026
964		41320		5944		2026
965		41320		5944		2026
966		41320		5944		2026
967		41320		5944		2026
968		41320		5944		2026
969		41320		5944		2026
970		41320		5944		2026
971		41320		5944		2026
972		41320		5944		2026
973		41320		5944		2026
974		41320		5944		2026
975		41320		5944		2026
976		41320		5944		2026
977		41320		5944		2026
978		41320		5944		2026
979		41320		5944		2026
980		41320		5944		2026
981		41320		5944		2026
982		41320		5944		2026
983		41320		5944		2026
984		41320		5944		2026
985		41320		5944		2026
986		41320		5944		2026
987		41320		5944		2026
988		41320		5944		2026
989		41320		5944		2026
990		41320		5944		2026
991		41320		5944		2026
992		41320		5944		2026
993		41320		5944		2026
994		41320		5944		2026
995		41320		5944		2026
996		41320		5944		2026
997		41320		5944		2026
998		41320		5944		2026
999		41320		5944		2026
